499 166
4 1 4 7 19 417 14 201 10 
12 0 4 2 7 187 5 237 5 253 15 334 16 14 12 365 19 320 7 494 5 296 10 354 7 
7 1 7 3 18 85 18 32 3 221 3 349 19 256 2 
12 2 18 4 16 172 14 170 16 48 10 75 12 409 8 250 6 174 18 43 18 203 20 140 3 
5 3 16 5 14 162 2 256 17 186 18 
6 4 14 6 16 439 13 186 16 179 19 333 19 
13 5 16 7 7 446 4 208 6 332 2 14 5 226 20 180 19 31 1 253 16 416 16 9 5 361 15 
7 6 7 8 13 0 19 346 3 107 15 420 8 11 16 
11 7 13 9 10 181 6 484 15 207 9 217 12 373 14 466 15 483 10 402 12 316 2 
10 8 10 10 2 406 1 129 6 14 13 43 17 441 3 6 5 76 4 22 5 
8 9 2 11 3 367 4 391 19 221 12 426 8 375 12 119 11 
12 10 3 12 8 214 10 376 18 66 7 227 2 7 16 384 14 206 15 457 6 189 13 411 2 
12 11 8 13 11 363 1 435 18 280 2 489 17 181 3 316 12 46 16 300 7 356 17 253 12 
11 12 11 14 20 387 18 359 9 246 20 334 18 273 10 244 7 337 18 29 6 223 5 
10 13 20 15 4 495 16 6 5 326 16 1 12 314 9 79 17 9 13 233 16 
7 14 4 16 7 160 8 95 3 425 19 34 19 109 17 
11 15 7 17 1 20 1 297 3 149 11 170 8 422 9 458 1 279 5 212 1 26 6 
6 16 1 18 7 352 3 131 10 163 17 323 17 
18 17 7 19 13 131 19 54 11 88 12 447 7 235 9 236 5 302 4 39 11 52 10 261 11 381 3 307 16 63 2 166 3 93 16 260 11 
10 18 13 20 17 179 19 322 1 441 18 241 5 330 20 484 10 198 9 312 6 
11 19 17 21 12 193 18 418 12 375 2 16 1 347 18 234 13 88 19 306 6 97 19 
15 20 12 22 9 156 13 390 1 441 1 431 4 321 5 194 7 131 7 183 2 407 10 485 4 173 11 267 16 287 17 
10 21 9 23 8 172 7 330 20 82 20 222 19 169 19 9 5 90 20 179 8 
13 22 8 24 10 269 18 452 10 162 19 291 3 119 16 465 19 411 12 95 16 206 10 117 6 368 6 
10 23 10 25 3 149 6 468 18 300 5 70 10 410 7 361 4 490 6 252 1 
4 24 3 26 11 275 2 55 8 
13 25 11 27 3 332 8 372 12 176 19 79 1 461 8 90 2 497 11 75 10 171 18 234 12 16 6 
12 26 3 28 4 408 8 248 9 427 17 299 17 158 15 120 3 202 20 234 9 125 1 94 18 
6 27 4 29 8 454 1 206 10 324 16 48 18 
12 28 8 30 16 382 2 433 14 342 15 466 7 155 20 99 15 217 1 13 6 474 13 203 14 
10 29 16 31 10 322 13 33 8 215 4 310 18 264 5 196 18 161 9 418 19 
12 30 10 32 3 398 10 6 1 480 17 469 19 474 17 200 2 210 17 266 18 118 1 67 2 
7 31 3 33 3 180 11 2 3 36 3 372 7 189 20 
12 32 3 34 19 30 8 307 17 237 3 182 5 352 1 372 20 147 4 356 12 209 18 139 12 
8 33 19 35 10 85 16 15 19 197 16 144 5 152 10 302 19 
9 34 10 36 8 331 4 409 20 46 6 261 19 170 11 424 10 204 20 
13 35 8 37 14 252 14 498 6 370 17 32 3 269 3 156 7 38 10 239 12 337 9 477 5 411 15 
7 36 14 38 17 278 9 368 15 83 10 219 9 395 18 
11 37 17 39 12 110 19 443 6 292 10 383 12 209 4 36 10 342 3 141 13 219 2 
9 38 12 40 3 458 19 18 11 226 11 360 12 215 14 438 9 198 5 
9 39 3 41 10 295 12 67 15 117 9 91 15 378 10 482 7 140 16 
8 40 10 42 14 280 16 91 10 393 7 78 20 108 5 453 19 
11 41 14 43 2 434 11 185 4 481 10 358 8 130 8 111 17 201 14 254 13 364 6 
10 42 2 44 20 193 18 209 15 9 17 3 18 305 6 475 17 188 12 99 12 
6 43 20 45 5 418 15 295 6 480 14 96 18 
9 44 5 46 18 372 11 157 4 480 5 65 8 129 18 171 12 341 10 
10 45 18 47 19 170 20 407 2 60 17 35 6 163 18 12 16 396 16 392 13 
10 46 19 48 5 321 14 329 9 381 4 148 5 482 19 403 1 73 12 474 17 
8 47 5 49 16 377 7 3 10 165 7 69 13 62 7 28 18 
8 48 16 50 11 336 3 68 9 103 20 224 8 402 14 448 14 
13 49 11 51 14 267 16 169 2 410 3 84 20 139 8 421 14 214 17 494 14 492 7 239 14 166 19 
12 50 14 52 7 419 19 395 10 179 14 318 9 488 10 109 2 480 2 376 16 348 16 216 8 
6 51 7 53 12 334 13 119 16 18 10 331 6 
7 52 12 54 1 395 14 216 13 495 20 324 12 204 11 
11 53 1 55 17 18 11 391 2 416 10 57 9 357 13 151 10 352 8 159 3 188 2 
11 54 17 56 14 115 17 293 16 355 15 140 13 25 8 402 12 137 11 252 9 272 18 
12 55 14 57 3 172 4 328 3 146 11 307 16 129 11 303 14 368 20 74 17 149 5 138 7 
5 56 3 58 11 54 9 229 2 311 4 
12 57 11 59 17 409 15 335 14 419 11 118 12 242 17 484 17 301 9 448 12 269 2 477 9 
7 58 17 60 2 238 4 188 3 488 6 421 10 321 11 
8 59 2 61 6 255 10 46 17 423 10 419 4 421 4 438 16 
5 60 6 62 6 373 16 153 3 88 5 
10 61 6 63 5 202 4 82 2 414 13 154 5 280 20 165 8 173 10 48 7 
11 62 5 64 8 408 12 367 16 361 3 405 15 355 2 275 5 475 15 18 2 76 11 
2 63 8 65 17 
12 64 17 66 6 346 10 243 16 352 9 361 13 45 8 321 10 451 12 160 19 355 12 263 20 
4 65 6 67 7 443 2 11 7 
13 66 7 68 10 40 15 178 2 469 3 269 5 156 17 392 14 355 15 256 5 31 2 312 15 295 17 
10 67 10 69 14 234 3 486 7 275 12 358 20 468 20 49 9 365 15 221 20 
10 68 14 70 18 48 13 105 15 328 2 215 18 425 12 465 4 380 3 284 1 
9 69 18 71 5 88 1 24 10 333 5 132 9 104 11 274 18 127 7 
8 70 5 72 16 110 13 140 6 73 9 131 9 296 20 313 7 
13 71 16 73 3 173 4 169 12 374 19 302 15 259 15 114 7 316 9 481 12 240 19 280 20 94 20 
7 72 3 74 6 356 6 71 9 79 3 428 18 47 12 
13 73 6 75 15 319 1 337 14 468 8 454 12 463 11 203 8 152 15 403 17 445 1 56 17 225 7 
12 74 15 76 8 270 12 323 11 3 12 471 15 26 10 378 12 192 12 137 15 407 15 242 8 
14 75 8 77 15 286 16 317 4 397 3 410 4 278 12 301 10 195 7 239 6 427 15 9 4 486 17 63 11 
12 76 15 78 5 157 15 135 15 260 9 253 12 81 10 285 18 302 4 110 5 96 4 184 14 
11 77 5 79 4 277 9 280 18 405 20 438 9 377 18 320 15 41 20 130 12 96 10 
12 78 4 80 11 451 4 190 17 317 17 305 6 73 3 14 17 26 1 207 5 408 2 245 13 
8 79 11 81 8 469 1 462 17 229 10 454 7 152 10 248 14 
14 80 8 82 9 239 2 425 5 323 17 412 11 251 19 247 16 211 10 395 11 240 7 77 10 324 9 367 13 
11 81 9 83 17 468 16 130 16 219 3 62 2 479 18 22 20 253 10 201 20 86 15 
7 82 17 84 19 191 18 273 12 299 7 37 10 263 6 
7 83 19 85 9 464 6 50 20 365 9 318 10 291 2 
12 84 9 86 5 176 1 163 9 2 18 454 19 463 4 34 16 447 9 92 3 284 9 478 10 
11 85 5 87 4 413 2 451 3 383 4 313 8 415 18 82 15 364 14 304 3 401 8 
5 86 4 88 12 215 16 186 11 111 10 
12 87 12 89 15 349 18 18 12 70 1 61 5 262 14 391 7 20 19 443 2 144 17 136 11 
3 88 15 90 20 423 4 
11 89 20 91 13 404 14 309 13 353 1 429 9 26 2 451 13 216 2 22 20 316 5 
11 90 13 92 1 40 15 498 7 120 2 41 10 258 17 169 18 362 11 154 12 214 7 
11 91 1 93 17 480 4 214 20 185 18 149 11 255 4 85 3 469 18 140 1 425 1 
11 92 17 94 9 444 17 122 8 242 10 125 9 216 19 160 15 335 18 18 16 316 18 
9 93 9 95 20 307 19 317 10 245 14 395 1 434 4 27 18 72 20 
6 94 20 96 13 15 3 245 8 426 2 23 16 
6 95 13 97 7 222 4 77 4 44 18 78 10 
7 96 7 98 7 342 9 350 8 226 17 399 16 20 19 
8 97 7 99 15 422 16 349 3 128 9 481 1 212 7 472 14 
14 98 15 100 20 429 12 124 19 441 4 412 1 392 5 472 11 403 6 459 20 29 15 420 18 407 20 43 12 
8 99 20 101 16 369 15 352 15 297 6 283 16 282 2 358 20 
9 100 16 102 11 120 12 406 10 140 6 134 2 185 14 196 15 262 4 
10 101 11 103 15 486 11 107 1 196 15 273 5 157 20 325 17 472 5 166 17 
8 102 15 104 19 448 13 228 2 49 20 218 3 115 12 469 10 
11 103 19 105 8 193 9 445 9 111 18 70 11 199 20 273 11 272 7 192 9 418 7 
12 104 8 106 2 288 13 185 11 243 12 437 13 187 4 378 3 363 12 69 15 320 1 199 14 
5 105 2 107 18 316 15 123 14 178 13 
14 106 18 108 3 280 16 268 8 102 1 7 15 429 4 269 2 232 18 388 8 115 11 234 8 301 7 338 16 
15 107 3 109 18 217 2 307 3 368 12 322 19 289 19 376 18 496 4 206 18 162 18 287 12 41 5 288 5 478 5 
10 108 18 110 13 485 17 435 3 456 10 112 4 259 13 51 2 255 20 15 17 
12 109 13 111 13 38 19 71 13 334 2 166 3 77 5 496 1 170 12 411 6 392 9 350 15 
16 110 13 112 17 159 5 137 18 461 3 104 18 349 5 164 8 481 5 480 14 188 6 490 8 42 17 160 1 440 7 87 10 
8 111 17 113 2 301 16 333 6 109 4 403 17 402 10 463 13 
5 112 2 114 1 460 7 131 12 456 1 
10 113 1 115 7 270 5 421 9 383 7 72 7 343 9 295 14 234 5 193 15 
13 114 7 116 2 423 7 137 15 55 17 385 4 495 17 252 3 367 4 107 11 363 13 103 12 248 20 
13 115 2 117 6 395 5 305 7 453 14 198 16 463 10 149 20 119 3 355 19 376 6 442 17 301 14 
8 116 6 118 10 232 8 40 9 156 1 267 19 23 6 430 4 
9 117 10 119 5 442 19 187 16 58 12 31 1 479 7 439 6 151 11 
18 118 5 120 20 240 16 130 1 138 9 380 15 52 16 304 2 23 16 429 4 116 3 450 7 375 11 257 16 467 2 456 1 10 11 495 14 
9 119 20 121 1 101 12 91 2 129 4 27 3 255 15 416 10 383 1 
10 120 1 122 10 216 11 153 11 383 16 331 17 427 17 200 6 300 2 270 11 
9 121 10 123 12 403 16 318 7 93 8 272 12 209 12 301 4 479 1 
11 122 12 124 18 414 17 476 12 208 17 201 15 479 6 106 14 165 18 259 16 293 19 
7 123 18 125 18 99 19 314 9 291 9 216 8 436 2 
9 124 18 126 12 483 7 199 10 472 19 413 12 93 9 475 4 27 1 
6 125 12 127 2 171 16 289 9 141 10 331 18 
10 126 2 128 16 443 16 273 8 398 20 166 3 131 3 218 2 70 7 144 8 
6 127 16 129 10 211 7 292 19 98 9 486 8 
10 128 10 130 8 252 9 9 6 120 4 45 18 56 11 250 3 497 8 474 4 
11 129 8 131 8 119 1 82 16 356 11 489 9 253 18 461 4 458 12 42 8 78 12 
12 130 8 132 17 18 19 284 20 17 10 71 9 209 17 21 7 127 3 298 6 113 12 290 13 
11 131 17 133 18 417 11 369 8 353 19 188 19 70 9 360 8 309 3 487 9 396 4 
7 132 18 134 14 408 11 266 15 233 19 275 6 187 17 
7 133 14 135 7 153 12 334 4 496 4 101 2 271 18 
9 134 7 136 6 457 15 77 15 287 14 394 14 305 5 258 20 405 5 
13 135 6 137 7 391 15 168 19 377 20 171 18 382 12 376 13 416 10 193 19 406 1 88 11 288 4 
16 136 7 138 4 111 18 246 8 115 15 199 9 216 10 158 20 357 8 141 10 291 14 75 15 399 17 452 11 55 11 305 18 
9 137 4 139 20 119 9 237 5 457 10 301 8 268 13 56 7 248 19 
8 138 20 140 5 262 17 50 8 233 19 205 8 33 12 441 4 
15 139 5 141 9 179 5 71 6 230 1 215 20 55 13 390 19 205 6 101 6 92 1 470 9 3 3 40 16 272 15 
13 140 9 142 12 455 3 126 10 249 17 469 15 137 10 394 2 339 7 383 17 38 13 474 5 158 15 
5 141 12 143 13 364 1 460 9 150 3 
9 142 13 144 10 222 9 246 20 268 15 391 19 386 5 206 2 152 19 
15 143 10 145 4 424 18 321 15 336 3 414 11 287 10 375 11 309 13 168 17 88 17 247 1 34 5 216 10 127 8 
4 144 4 146 20 287 19 236 13 
11 145 20 147 11 183 3 215 8 344 11 56 11 481 13 288 20 370 10 440 4 324 17 
5 146 11 148 9 33 4 182 3 394 16 
8 147 9 149 9 455 15 274 13 416 12 382 7 359 10 47 5 
11 148 9 150 16 24 6 488 18 16 11 92 11 116 20 494 10 422 13 225 4 56 5 
8 149 16 151 1 329 5 427 1 235 5 317 8 142 3 244 9 
10 150 1 152 10 397 12 452 6 54 10 244 13 353 12 407 5 391 8 118 11 
7 151 10 153 17 431 13 80 10 74 15 34 10 143 19 
11 152 17 154 4 357 19 397 4 61 3 449 19 121 11 134 12 181 18 438 4 209 14 
13 153 4 155 19 414 4 492 7 427 5 216 18 286 12 62 5 473 10 197 13 91 12 237 7 495 8 
7 154 19 156 6 427 16 281 17 29 20 201 12 397 4 
9 155 6 157 7 21 13 483 11 117 1 67 17 36 7 339 15 216 2 
9 156 7 158 12 77 15 45 4 102 20 492 12 223 13 255 17 339 13 
9 157 12 159 2 209 11 197 11 27 15 422 20 137 20 141 15 203 15 
9 158 2 160 16 111 5 337 1 298 9 273 7 436 4 414 14 54 3 
11 159 16 161 20 15 8 356 14 325 13 296 9 93 15 349 1 65 19 111 1 260 9 
11 160 20 162 9 231 3 406 19 482 10 435 9 269 20 261 2 30 9 452 2 481 8 
16 161 9 163 5 395 14 380 18 231 15 239 3 23 19 4 2 498 15 370 11 238 10 290 19 108 18 430 5 398 11 491 13 
10 162 5 164 9 85 9 343 8 481 8 46 18 17 17 176 9 341 15 240 9 
11 163 9 165 2 251 9 240 2 390 10 291 6 323 3 111 8 302 2 357 18 334 2 
9 164 2 166 11 267 2 319 2 426 12 48 7 62 8 496 18 123 18 
13 165 11 167 14 234 16 464 15 368 18 110 3 127 3 102 17 198 17 18 3 279 2 50 19 305 7 
9 166 14 168 1 311 18 281 12 403 9 473 4 231 7 340 16 181 9 
8 167 1 169 15 136 19 417 9 433 8 144 17 228 8 288 2 
15 168 15 170 5 346 15 72 12 50 2 202 3 420 9 91 18 479 13 497 4 22 19 449 9 376 9 203 7 315 7 
13 169 5 171 5 3 16 277 6 283 10 46 20 229 8 16 8 35 11 492 9 460 6 315 8 110 12 
18 170 5 172 15 363 14 136 18 300 3 126 16 461 17 439 18 177 8 228 17 247 8 191 20 45 12 179 13 457 5 336 16 26 18 222 14 
10 171 15 173 8 56 4 3 14 405 13 279 17 22 7 241 2 491 13 465 17 
10 172 8 174 17 475 17 72 4 196 13 62 10 263 17 21 11 332 10 188 7 
10 173 17 175 4 439 4 243 14 200 1 436 2 352 18 3 18 497 10 370 17 
5 174 4 176 12 256 15 314 15 239 4 
9 175 12 177 8 85 1 190 8 185 18 26 19 450 9 163 9 417 6 
4 176 8 178 6 171 8 328 11 
7 177 6 179 20 67 2 346 4 345 6 391 11 106 13 
15 178 20 180 17 300 18 406 15 301 7 140 5 51 14 19 19 195 11 463 17 5 19 171 13 411 9 22 8 309 16 
8 179 17 181 13 32 11 6 19 434 16 367 19 393 1 259 14 
15 180 13 182 12 8 6 351 4 407 13 153 18 320 12 362 1 12 3 436 13 167 9 398 7 200 17 475 18 275 3 
9 181 12 183 18 227 16 460 18 33 5 431 1 147 3 376 11 206 11 
11 182 18 184 9 327 11 146 3 341 13 429 4 333 8 387 11 21 2 390 15 219 4 
9 183 9 185 16 206 1 473 13 390 5 484 1 320 17 433 8 77 14 
14 184 16 186 8 455 1 105 11 317 14 176 18 370 13 42 4 92 18 248 16 101 14 227 14 242 13 315 15 
9 185 8 187 15 459 18 442 1 87 11 215 8 5 16 246 12 4 18 
11 186 15 188 2 1 5 445 20 211 6 210 9 105 4 118 16 326 4 351 7 133 17 
15 187 2 189 19 410 10 59 3 132 19 341 10 229 1 336 19 367 18 111 6 477 15 284 18 43 12 54 2 173 7 
11 188 19 190 16 408 13 252 19 295 11 199 17 374 9 326 11 220 9 11 13 32 20 
9 189 16 191 10 79 17 290 14 176 8 201 5 385 4 233 5 261 3 
10 190 10 192 18 83 18 388 18 259 11 294 3 171 20 413 19 491 12 288 3 
8 191 18 193 16 260 15 363 9 348 13 201 12 75 12 104 9 
10 192 16 194 14 104 9 20 18 43 18 231 14 237 9 136 19 256 13 114 15 
10 193 14 195 19 483 2 262 6 21 7 324 14 227 12 484 14 356 12 286 15 
10 194 19 196 9 273 13 76 7 179 11 457 7 314 13 453 19 378 19 279 16 
13 195 9 197 4 408 5 358 16 102 15 173 13 482 20 30 18 289 18 419 8 372 17 279 10 101 15 
12 196 4 198 12 486 1 245 9 343 15 327 14 158 11 389 17 421 17 34 16 342 14 154 13 
9 197 12 199 9 424 14 116 16 271 17 201 17 19 9 166 17 39 5 
11 198 9 200 10 236 17 125 10 334 9 137 9 293 19 189 17 104 20 326 5 105 14 
6 199 10 201 17 174 1 31 2 181 17 121 6 
15 200 17 202 5 308 15 324 17 190 5 192 12 123 15 198 17 465 2 82 20 358 3 155 12 0 10 239 12 42 14 
13 201 5 203 4 62 4 461 5 169 3 371 18 378 2 27 20 293 20 416 9 430 17 367 16 216 2 
15 202 4 204 4 415 14 214 12 364 1 74 8 424 8 238 9 169 7 438 11 326 5 3 20 303 20 158 15 29 14 
7 203 4 205 14 404 19 384 7 35 20 246 1 53 11 
8 204 14 206 19 380 9 262 6 140 6 139 8 423 18 345 2 
12 205 19 207 7 261 2 238 4 28 10 184 1 446 12 143 2 108 18 23 10 11 15 182 11 
7 206 7 208 1 8 9 478 1 368 13 79 5 355 9 
11 207 1 209 5 299 16 6 6 262 12 372 12 246 17 394 10 123 17 465 13 228 5 
16 208 5 210 19 349 18 158 11 334 4 379 17 480 17 369 2 131 17 43 15 38 4 454 1 122 12 33 18 277 11 153 14 
6 209 19 211 9 187 9 31 17 474 2 385 10 
10 210 9 212 9 81 10 187 6 283 1 128 7 498 5 494 10 403 1 422 16 
7 211 9 213 10 381 11 98 7 338 1 16 1 215 1 
8 212 10 214 18 425 18 273 7 446 8 307 4 304 5 296 2 
10 213 18 215 18 11 10 203 12 309 7 92 20 271 19 50 17 258 12 91 7 
12 214 18 216 17 146 8 87 16 30 4 140 20 186 8 453 7 446 19 69 18 39 14 212 1 
18 215 17 217 5 351 12 378 19 121 11 154 18 137 10 93 19 218 17 400 8 53 13 51 8 90 2 124 8 426 6 144 10 202 2 156 2 
11 216 5 218 4 108 2 346 5 305 18 255 8 396 18 263 5 29 1 8 12 227 5 
6 217 4 219 11 478 11 216 17 127 2 103 3 
10 218 11 220 4 82 3 497 11 484 4 356 18 37 9 183 4 38 2 318 19 
8 219 4 221 11 354 14 464 11 189 9 338 3 359 1 237 17 
9 220 11 222 20 10 12 459 8 299 6 2 3 498 6 381 10 68 20 
8 221 20 223 13 143 9 496 15 467 11 22 19 96 4 171 14 
12 222 13 224 6 252 5 234 14 487 20 251 12 368 14 228 16 482 6 157 13 418 2 13 5 
5 223 6 225 5 470 3 49 8 317 15 
13 224 5 226 11 430 3 377 7 419 19 428 16 322 7 261 7 450 20 149 4 74 7 391 5 228 6 
12 225 11 227 6 287 6 6 20 379 19 97 17 276 8 389 19 434 13 39 11 464 12 340 1 
9 226 6 228 20 182 16 393 7 368 13 11 2 194 12 185 14 217 5 
11 227 20 229 15 479 9 424 2 103 2 288 1 223 16 171 17 168 8 225 6 208 5 
10 228 15 230 7 170 8 405 15 80 10 188 1 279 12 57 2 375 17 247 10 
8 229 7 231 10 140 1 417 5 324 6 374 1 361 8 245 17 
9 230 10 232 3 162 15 161 3 193 14 167 7 471 16 352 4 447 11 
7 231 3 233 3 117 8 345 6 107 18 235 18 362 19 
8 232 3 234 5 291 15 139 19 14 16 491 10 190 5 133 19 
17 233 5 235 18 437 6 68 3 166 16 319 1 459 2 223 14 268 14 367 10 295 13 276 3 20 13 26 12 107 8 27 9 114 5 
8 234 18 236 8 18 9 465 9 295 10 307 13 150 5 232 18 
12 235 8 237 16 257 17 145 13 199 17 475 18 362 14 338 11 18 5 472 1 271 1 274 19 
10 236 16 238 5 405 2 1 5 138 5 33 3 193 9 418 19 220 17 154 7 
10 237 5 239 9 293 14 206 4 59 4 468 7 162 10 203 9 297 11 378 9 
11 238 9 240 12 81 2 162 3 175 4 76 6 36 12 201 12 419 4 50 14 283 14 
11 239 12 241 3 454 18 119 16 492 7 164 2 81 7 412 8 310 18 72 19 163 9 
8 240 3 242 9 296 6 434 7 424 13 19 5 172 2 335 5 
11 241 9 243 20 398 17 441 6 93 10 256 12 281 9 58 17 489 16 185 13 75 8 
5 242 20 244 4 174 14 105 12 65 16 
9 243 4 245 7 270 19 329 8 151 13 331 13 262 9 13 7 150 9 
9 244 7 246 9 197 9 330 18 95 8 94 14 230 17 79 13 283 11 
12 245 9 247 1 408 14 426 2 137 8 143 20 208 17 13 20 359 13 283 7 186 12 204 1 
10 246 1 248 3 409 20 81 16 319 12 339 6 171 8 144 1 229 10 407 6 
9 247 3 249 12 27 9 485 19 290 20 185 16 80 14 138 19 115 20 
6 248 12 250 11 349 11 141 17 392 18 410 15 
7 249 11 251 6 403 3 3 6 444 13 129 3 322 18 
8 250 6 252 2 453 9 81 19 164 9 406 16 343 3 223 12 
10 251 2 253 2 129 9 36 14 189 19 383 19 223 5 115 3 24 1 55 9 
13 252 2 254 11 1 15 77 12 130 18 6 16 409 6 456 15 449 17 82 10 404 18 277 20 12 12 
5 253 11 255 19 405 11 294 10 42 13 
15 254 19 256 6 320 15 60 10 477 15 217 8 120 15 437 9 482 6 92 4 485 2 109 20 450 6 157 17 292 6 
11 255 6 257 1 175 15 4 17 242 12 421 1 2 2 307 12 67 5 193 13 393 14 
11 256 1 258 17 386 12 236 17 296 15 360 5 461 17 380 2 353 20 119 16 322 3 
10 257 17 259 5 261 6 278 15 91 17 214 12 485 5 290 18 405 4 135 20 
10 258 5 260 7 357 15 314 5 191 11 109 13 72 15 180 14 404 3 123 16 
13 259 7 261 3 192 15 318 4 77 9 333 11 342 5 422 13 309 6 397 18 290 3 160 9 18 11 
14 260 3 262 6 258 6 206 2 35 19 313 15 18 11 161 2 498 7 398 14 225 7 465 11 273 1 190 3 
12 261 6 263 9 208 12 418 14 139 17 194 6 88 14 244 9 205 6 274 19 394 17 101 4 
8 262 9 264 17 217 5 83 6 295 7 476 6 173 17 65 20 
6 263 17 265 3 365 3 30 5 345 9 418 3 
7 264 3 266 19 288 2 352 2 406 8 397 15 434 17 
9 265 19 267 5 422 18 353 1 414 14 31 18 496 3 133 15 327 3 
12 266 5 268 18 50 16 165 2 273 16 409 11 117 19 458 15 303 15 328 13 329 20 21 16 
11 267 18 269 3 495 2 143 15 440 6 107 8 234 14 497 1 403 15 138 13 441 19 
12 268 3 270 5 23 18 308 17 67 5 36 3 161 20 434 17 107 2 292 17 476 16 58 2 
13 269 5 271 1 75 12 280 17 457 1 114 5 244 19 467 1 310 3 277 11 377 15 350 9 121 11 
6 270 1 272 17 214 19 198 17 134 18 236 1 
12 271 17 273 13 381 19 395 19 357 6 349 4 423 6 438 11 122 12 104 7 140 15 55 18 
17 272 13 274 20 463 13 310 9 267 16 127 8 195 13 83 12 213 7 159 7 347 1 102 5 314 2 279 14 104 11 13 10 261 1 
10 273 20 275 20 148 13 452 20 474 6 70 18 262 19 483 4 281 5 236 19 
11 274 20 276 11 443 8 68 12 25 2 309 20 483 12 63 5 284 5 133 6 181 3 
12 275 11 277 9 406 7 311 7 226 8 408 3 324 8 234 3 308 14 389 6 432 7 326 3 
7 276 9 278 12 170 6 78 9 270 11 253 20 209 11 
6 277 12 279 14 426 14 76 12 258 15 37 9 
13 278 14 280 12 172 17 379 16 336 9 229 12 273 14 324 17 399 4 196 10 16 5 166 2 195 16 
14 279 12 281 2 436 14 433 3 270 17 41 16 463 20 438 13 107 16 78 18 12 2 412 7 62 20 72 20 
8 280 2 282 11 167 12 487 11 155 17 402 19 242 9 274 5 
5 281 11 283 14 403 12 464 19 100 2 
14 282 14 284 15 170 10 211 1 430 11 329 10 100 16 246 7 477 11 289 18 313 2 239 14 473 12 245 11 
8 283 15 285 1 131 20 336 9 85 9 188 18 275 5 69 1 
8 284 1 286 4 457 14 402 13 389 1 323 13 77 18 288 6 
9 285 4 287 20 76 16 339 1 380 1 436 6 154 12 309 1 194 15 
14 286 20 288 2 145 19 305 18 135 14 226 6 462 7 144 10 357 17 420 3 454 6 471 1 108 12 21 17 
14 287 2 289 20 105 13 228 1 265 2 387 2 146 20 361 8 285 6 136 4 400 15 168 2 108 5 191 3 
11 288 20 290 17 446 7 495 8 126 9 108 19 196 18 443 4 399 20 315 5 283 18 
9 289 17 291 20 190 14 258 18 486 13 248 20 162 19 260 3 131 13 
12 290 20 292 14 302 9 328 8 395 18 23 3 233 15 164 6 124 9 137 14 84 2 301 5 
7 291 14 293 14 38 10 490 5 128 19 269 17 255 6 
8 292 14 294 9 238 14 199 19 55 16 310 13 202 20 123 19 
6 293 9 295 11 191 3 254 10 374 1 400 8 
12 294 11 296 16 40 12 347 19 350 11 235 10 44 6 189 11 234 13 263 7 114 14 67 17 
11 295 16 297 7 257 15 444 17 241 6 71 20 160 9 457 2 213 2 1 10 412 6 
9 296 7 298 7 16 3 358 1 405 9 342 13 100 6 376 12 238 11 
8 297 7 299 5 159 9 347 4 381 9 131 6 352 4 460 17 
7 298 5 300 1 208 16 221 6 27 17 83 7 477 4 
9 299 1 301 11 179 18 480 13 171 3 24 5 456 10 12 7 121 2 
13 300 11 302 5 179 7 112 16 76 10 425 11 474 1 138 8 58 9 116 14 122 4 107 7 291 5 
13 301 5 303 17 306 16 291 9 403 9 18 4 330 4 72 15 164 2 77 4 423 1 346 7 34 19 
7 302 17 304 3 403 13 56 14 267 15 441 15 203 20 
9 303 3 305 17 463 7 119 2 450 4 213 5 387 4 365 15 86 3 
12 304 17 306 8 287 18 116 7 79 6 217 18 402 18 135 5 43 6 137 18 166 7 321 11 
8 305 8 307 6 302 16 405 16 376 16 369 18 406 5 20 6 
12 306 6 308 17 94 19 33 17 56 16 108 3 235 13 213 4 18 16 256 12 407 16 323 9 
8 307 17 309 20 269 17 201 15 441 3 361 19 276 14 328 2 
11 308 20 310 19 90 13 490 13 214 7 275 20 132 3 144 13 260 6 286 1 179 16 
7 309 19 311 8 273 9 30 18 270 3 240 18 293 13 
7 310 8 312 13 167 18 323 15 476 2 276 7 57 4 
7 311 13 313 9 423 3 410 13 436 4 19 6 67 15 
12 312 9 314 13 317 11 341 8 261 15 356 18 71 7 369 8 86 8 360 3 283 2 336 17 
12 313 13 315 20 452 1 418 10 259 5 175 15 124 9 14 9 273 2 455 11 481 5 195 13 
8 314 20 316 10 336 3 393 12 170 8 169 7 289 5 185 15 
13 315 10 317 17 477 16 12 12 429 3 378 15 106 15 72 9 491 4 384 15 90 5 8 2 93 18 
10 316 17 318 11 76 4 370 11 185 14 313 11 94 10 79 17 150 8 224 15 
9 317 11 319 3 260 4 122 7 51 9 371 2 453 4 84 10 219 19 
9 318 3 320 8 74 1 234 1 165 2 247 12 321 5 408 7 335 10 
13 319 8 321 7 255 15 371 4 181 12 402 13 409 2 1 7 423 13 410 8 184 17 105 1 78 15 
13 320 7 322 2 47 14 144 15 319 5 21 5 435 15 346 19 65 10 366 16 496 19 59 11 305 11 
11 321 2 323 14 464 19 30 13 489 6 19 1 108 19 225 7 454 15 257 3 250 18 
12 322 14 324 13 75 11 81 17 356 9 311 15 285 13 164 3 420 2 351 16 17 17 307 9 
17 323 13 325 2 456 9 475 20 466 3 201 17 230 6 276 8 341 13 28 16 194 14 81 9 279 17 364 13 455 6 53 12 146 17 
10 324 2 326 16 420 15 479 7 422 16 160 13 102 17 348 11 414 18 481 20 
12 325 16 327 20 14 16 478 10 189 11 393 17 187 4 199 5 203 5 348 20 276 3 449 4 
8 326 20 328 20 183 11 197 14 470 7 445 5 497 11 266 3 
10 327 20 329 2 56 3 291 8 409 6 382 1 308 2 267 13 69 2 177 11 
9 328 2 330 5 47 9 150 5 283 10 244 8 368 17 267 20 445 19 
9 329 5 331 20 245 18 465 7 302 4 22 20 19 20 425 5 403 10 
8 330 20 332 12 35 4 244 13 126 18 121 17 442 8 52 6 
9 331 12 333 1 6 2 26 8 395 14 435 18 173 10 393 3 494 14 
10 332 1 334 8 485 11 112 6 183 8 70 5 260 11 344 13 492 5 5 19 
12 333 8 335 6 209 4 52 13 364 15 199 9 110 2 134 4 1 16 421 8 13 18 164 2 
12 334 6 336 9 58 14 440 14 395 10 345 18 93 18 461 18 241 5 319 10 475 17 388 6 
12 335 9 337 8 144 3 315 3 49 3 284 9 279 9 442 7 188 19 171 16 408 7 313 17 
7 336 8 338 11 159 1 74 14 350 5 36 9 13 18 
9 337 11 339 5 236 11 429 13 362 14 220 3 212 1 461 7 107 16 
8 338 5 340 19 286 1 411 2 247 6 141 7 156 15 157 13 
5 339 19 341 1 458 3 167 16 226 1 
9 340 1 342 5 183 13 313 8 465 11 188 10 324 13 163 15 45 10 
15 341 5 343 3 394 18 97 9 29 15 380 6 297 13 260 5 382 7 465 20 354 6 197 14 38 3 377 14 367 1 
8 342 3 344 10 371 1 197 15 251 3 163 8 114 9 367 20 
6 343 10 345 17 146 11 351 17 414 1 333 13 
8 344 17 346 2 232 6 335 18 178 6 373 2 264 9 205 2 
12 345 2 347 11 169 15 7 3 65 10 217 5 418 8 321 19 443 14 178 4 429 11 302 7 
9 346 11 348 5 464 6 295 19 20 18 273 1 298 4 457 6 430 17 
9 347 5 349 13 442 10 192 13 325 11 487 11 51 16 326 20 471 1 
14 348 13 350 13 209 18 249 11 88 18 98 3 272 4 482 14 401 3 111 5 160 1 2 19 468 11 362 10 
11 349 13 351 13 368 15 97 8 295 11 337 5 390 9 454 19 498 6 270 9 110 15 
7 350 13 352 11 181 4 216 12 344 17 323 16 187 7 
13 351 11 353 6 17 3 100 15 65 9 174 18 265 2 33 1 54 8 416 6 231 4 298 4 433 7 
8 352 6 354 6 90 1 266 1 132 19 151 12 257 20 496 20 
10 353 6 355 3 388 3 358 11 220 14 407 10 444 10 342 6 436 10 1 7 
8 354 3 356 20 55 15 63 2 207 9 67 15 116 19 65 12 
14 355 20 357 1 73 6 323 9 130 11 160 14 219 18 483 16 466 11 313 18 33 12 478 20 12 17 194 12 
12 356 1 358 3 153 19 417 16 272 6 259 15 54 13 457 5 287 17 414 17 164 18 137 8 
17 357 3 359 19 391 6 196 16 354 11 68 20 297 1 42 8 400 10 201 3 456 8 433 9 430 20 361 5 428 6 436 18 100 20 
9 358 19 360 14 401 11 13 9 148 10 246 13 420 9 220 1 486 16 
8 359 14 361 19 257 5 132 8 39 12 313 3 442 6 443 12 
10 360 19 362 11 63 3 65 13 308 19 288 8 24 4 230 8 358 5 6 15 
9 361 11 363 5 236 14 487 1 181 1 91 11 338 14 232 19 349 10 
8 362 5 364 11 171 14 192 9 12 1 435 9 105 12 115 13 
12 363 11 365 10 483 10 334 15 425 9 203 1 142 1 440 10 86 14 455 5 324 13 42 6 
9 364 10 366 2 416 10 84 9 264 3 432 12 1 19 304 15 68 15 
5 365 2 367 20 484 6 321 16 405 10 
14 366 20 368 17 10 4 437 14 63 16 395 2 234 10 180 19 115 4 188 18 342 1 343 20 202 16 81 13 
13 367 17 369 13 350 15 402 16 166 18 227 13 108 12 37 15 207 13 223 14 23 6 56 20 329 17 
11 368 13 370 16 100 15 391 12 209 2 405 12 132 8 306 18 415 9 313 8 402 6 
9 369 16 371 15 317 11 421 17 185 13 36 17 162 11 174 17 146 10 
8 370 15 372 5 374 2 202 18 343 1 320 4 465 12 318 2 
10 371 5 373 20 208 12 26 12 45 11 456 2 32 7 196 17 33 20 422 7 
6 372 20 374 10 61 16 473 6 345 2 8 14 
8 373 10 375 14 371 2 72 19 189 9 294 1 230 1 380 12 
12 374 14 376 17 437 20 20 2 389 12 144 11 430 16 442 15 229 17 119 11 404 4 10 12 
15 375 17 377 11 476 20 306 16 11 18 108 18 136 13 449 19 428 15 297 12 169 9 51 16 116 6 383 8 182 11 
9 376 11 378 16 136 20 48 7 225 7 469 7 270 15 78 18 342 14 
12 377 16 379 1 481 18 216 19 40 10 105 3 202 2 316 15 75 12 195 19 438 3 238 9 
7 378 1 380 3 209 17 279 16 410 20 226 19 418 19 
13 379 3 381 20 162 18 119 15 286 1 415 20 493 8 205 9 342 6 257 2 374 12 382 20 69 3 
11 380 20 382 5 272 19 47 4 396 14 478 16 298 9 221 10 18 3 212 11 457 12 
11 381 5 383 14 29 2 393 5 136 12 148 7 473 7 328 1 433 19 342 7 380 20 
10 382 14 384 6 86 4 252 19 38 12 114 7 121 16 376 8 141 17 120 1 
6 383 6 385 2 495 18 11 14 204 7 316 15 
9 384 2 386 8 405 5 490 7 409 10 115 4 433 20 190 4 210 10 
4 385 8 387 5 257 12 143 5 
10 386 5 388 14 13 18 453 7 288 2 183 11 496 12 439 5 463 2 304 4 
7 387 14 389 2 462 9 354 3 191 18 107 8 335 6 
8 388 2 390 15 285 1 226 19 375 12 197 17 276 6 464 8 
10 389 15 391 7 21 1 394 14 164 10 184 5 350 9 140 19 183 15 496 2 
15 390 7 392 20 136 15 54 2 358 6 436 17 10 19 369 12 143 19 495 4 88 7 151 8 178 11 225 5 426 1 
10 391 20 393 5 99 5 397 10 249 18 67 14 469 4 46 13 110 9 401 3 
14 392 5 394 3 227 7 382 5 419 18 41 7 496 9 180 1 326 17 315 12 413 18 476 13 332 3 256 14 
12 393 3 395 3 342 18 390 14 135 14 208 10 409 16 451 7 262 17 141 2 147 16 481 18 
14 394 3 396 7 116 5 162 14 272 19 335 10 51 10 367 2 291 18 81 11 332 14 53 14 37 18 94 1 
7 395 7 397 5 381 14 217 18 46 16 132 4 425 4 
11 396 5 398 2 151 12 153 4 76 3 459 14 392 10 265 15 260 18 155 4 444 8 
10 397 2 399 3 31 10 486 2 242 17 127 20 261 14 181 7 414 3 162 11 
6 398 3 400 9 279 4 289 20 97 16 137 17 
8 399 9 401 9 472 15 216 8 358 10 432 17 288 15 294 8 
8 400 9 402 10 359 11 410 11 349 3 420 18 86 8 392 3 
16 401 10 403 13 443 3 368 16 285 13 418 10 498 8 305 18 281 19 320 13 369 6 49 14 112 10 55 12 467 13 8 12 
17 402 13 404 9 250 3 282 12 122 16 167 9 302 9 99 6 303 13 268 15 460 7 74 17 47 1 112 17 330 10 211 1 483 19 
8 403 9 405 19 90 14 457 12 204 19 253 18 259 3 375 4 
18 404 19 406 19 385 5 237 2 254 11 172 13 306 16 445 3 369 12 297 9 229 15 78 20 412 13 63 15 366 10 258 4 135 5 437 1 
13 405 19 407 17 276 7 179 15 161 19 101 10 473 1 9 1 251 16 431 15 306 5 265 8 136 1 
12 406 17 408 9 494 7 181 13 46 2 151 5 354 10 99 20 21 10 307 16 75 15 247 6 
13 407 9 409 14 189 13 246 14 27 8 196 5 133 11 63 12 319 7 276 3 79 2 336 7 428 17 
13 408 14 410 9 58 15 247 20 35 20 3 8 328 6 385 10 267 11 253 6 320 2 394 16 464 8 
11 409 9 411 4 188 10 312 13 50 3 379 20 76 4 401 11 24 7 320 8 249 15 
8 410 4 412 14 339 2 23 12 179 9 11 2 110 6 36 15 
9 411 14 413 14 81 11 99 1 240 8 280 7 405 13 424 16 296 6 
7 412 14 414 9 86 2 476 20 125 12 393 18 191 19 
12 413 9 415 11 123 17 154 4 144 11 344 1 266 14 62 13 357 17 159 14 325 18 398 3 
10 414 11 416 15 203 14 457 17 417 7 380 20 434 15 455 6 369 9 86 18 
11 415 15 417 8 365 10 54 10 418 18 148 12 6 16 136 10 352 6 120 10 202 9 
10 416 8 418 7 0 14 132 11 415 7 357 16 230 5 168 9 474 6 176 6 
16 417 7 419 9 44 15 314 10 20 12 402 10 465 12 262 14 379 19 416 18 346 8 237 19 223 2 30 19 264 3 104 7 
11 418 9 420 10 51 19 58 11 393 18 225 19 60 4 196 8 457 18 239 4 477 19 
14 419 10 421 1 325 15 489 7 169 9 493 6 7 8 323 2 487 20 287 3 401 18 438 20 99 18 359 9 
12 420 1 422 7 437 18 370 17 114 9 334 8 50 14 59 10 197 17 256 1 60 4 448 17 
12 421 7 423 9 98 16 266 18 325 16 158 20 260 13 16 9 372 7 430 15 149 13 211 16 
11 422 9 424 18 312 3 89 4 115 7 60 10 272 6 320 13 302 1 437 19 205 18 
11 423 18 425 10 144 18 463 16 228 2 198 14 474 17 241 13 412 16 203 8 35 10 
13 424 10 426 11 213 18 81 5 444 17 364 9 488 1 15 19 301 11 330 5 69 12 396 4 92 1 
10 425 11 427 4 278 14 246 2 436 8 10 8 165 12 95 2 216 6 391 1 
9 426 4 428 14 155 16 27 17 154 5 150 1 76 15 121 17 494 2 
8 427 14 429 4 465 16 225 16 376 15 73 18 408 17 358 6 
11 428 4 430 18 99 12 183 4 90 9 459 3 338 13 107 4 119 4 316 3 346 11 
12 429 18 431 14 455 4 225 3 283 11 375 16 347 17 358 20 422 15 162 5 202 17 117 4 
8 430 14 432 13 489 13 21 4 406 15 152 13 182 1 463 20 
5 431 13 433 7 365 12 400 17 276 7 
10 432 7 434 6 280 3 29 14 385 20 168 8 382 19 358 9 184 8 352 7 
10 433 6 435 13 42 11 415 15 180 16 241 7 269 17 226 13 265 17 94 4 
9 434 13 436 17 492 20 12 18 109 3 161 9 321 15 363 9 332 18 
14 435 17 437 16 280 14 391 17 426 8 286 6 174 2 181 13 312 4 159 4 450 16 124 2 354 10 358 18 
11 436 16 438 9 421 18 234 6 367 14 375 20 443 11 105 13 255 9 405 1 423 19 
11 437 9 439 18 280 13 78 9 272 11 420 20 203 11 60 16 153 4 39 9 378 3 
7 438 18 440 10 174 4 171 18 5 13 387 5 118 6 
7 439 10 441 17 335 14 268 6 364 10 146 4 111 7 
11 440 17 442 1 99 4 21 1 242 6 308 3 9 3 19 18 303 15 139 4 268 19 
10 441 1 443 15 348 10 186 1 118 19 336 7 375 15 331 8 116 17 360 6 
12 442 15 444 2 127 16 275 8 402 3 38 6 437 11 66 2 346 14 289 4 88 2 360 12 
8 443 2 445 1 296 17 93 17 425 17 250 13 354 10 397 8 
9 444 1 446 5 104 9 405 3 187 20 472 3 327 5 74 1 329 19 
9 445 5 447 9 6 4 289 7 213 8 206 12 449 4 450 2 215 19 
6 446 9 448 8 18 7 468 11 85 9 231 11 
6 447 8 449 11 103 13 58 12 49 14 421 17 
10 448 11 450 9 153 19 466 12 253 17 376 19 446 4 169 9 458 1 326 4 
10 449 9 451 17 176 9 446 2 304 4 119 7 225 20 255 6 436 16 494 14 
7 450 17 452 3 86 3 79 4 65 12 394 7 90 13 
8 451 3 453 15 314 1 23 10 274 20 151 6 161 2 137 11 
9 452 15 454 18 251 9 387 7 116 14 318 4 215 7 195 19 41 19 
13 453 18 455 20 240 18 85 19 28 1 488 13 80 7 74 12 209 1 287 6 350 19 474 13 322 15 
10 454 20 456 4 430 4 185 1 148 15 141 3 415 6 314 11 364 5 324 6 
11 455 4 457 20 324 9 467 4 109 10 372 2 253 15 300 10 358 8 113 1 119 1 
16 456 20 458 3 270 1 404 12 135 15 415 17 285 14 357 5 138 10 347 6 296 2 195 7 419 18 171 5 11 6 381 12 
8 457 3 459 9 340 3 39 19 267 15 16 1 449 1 130 12 
8 458 9 460 4 186 18 221 8 234 2 429 3 397 14 99 20 
8 459 4 461 1 113 7 182 18 142 9 403 7 170 6 298 17 
13 460 1 462 2 202 5 171 17 111 3 257 17 130 4 26 8 477 20 335 18 496 13 338 7 488 8 
6 461 2 463 8 388 9 287 7 80 17 494 20 
13 462 8 464 19 273 13 280 20 424 16 304 7 116 10 85 4 179 17 74 11 431 20 387 2 112 13 
11 463 19 465 20 322 19 166 15 347 6 84 6 220 11 282 19 389 8 409 8 226 12 
18 464 20 466 12 418 12 428 16 235 9 341 11 371 12 330 7 23 19 468 2 342 20 201 2 208 13 261 11 69 4 471 13 480 14 172 17 
7 465 12 467 16 324 3 29 7 449 12 356 11 8 15 
7 466 16 468 15 456 4 270 1 222 11 119 2 402 13 
10 467 15 469 20 82 16 24 18 68 20 238 7 74 8 447 11 465 2 349 11 
10 468 20 470 13 80 1 67 3 31 19 377 7 141 15 92 18 392 4 103 10 
5 469 13 471 16 224 3 327 7 140 9 
7 470 16 472 8 75 15 231 16 287 1 465 13 348 1 
9 471 8 473 5 400 15 445 3 99 11 125 19 102 5 98 14 236 1 
9 472 5 474 10 406 1 184 13 167 4 382 7 154 10 373 6 283 12 
13 473 10 475 10 424 17 31 17 274 6 417 6 301 1 454 13 129 4 210 2 29 13 141 5 47 17 
10 474 10 476 5 173 17 324 20 236 18 125 4 63 15 43 17 335 17 181 18 
9 475 5 477 6 376 20 413 20 311 2 123 12 393 13 263 6 269 16 
12 476 6 478 10 494 2 255 15 316 16 461 20 188 15 283 11 58 9 299 4 36 5 419 19 
9 477 10 479 4 218 11 207 1 326 10 381 16 356 20 85 10 108 5 
9 478 4 480 16 228 9 325 7 169 13 82 18 123 6 118 7 122 1 
11 479 16 481 18 300 13 209 17 31 17 45 5 92 4 111 14 51 2 44 14 465 14 
13 480 18 482 1 378 18 146 13 163 8 42 10 98 1 314 5 111 5 325 20 161 8 72 12 394 18 
9 481 1 483 19 161 10 349 14 196 20 223 6 40 7 255 6 47 19 
11 482 19 484 12 156 11 364 10 125 7 194 2 356 16 275 12 274 4 8 10 403 19 
10 483 12 485 10 366 6 494 13 8 15 219 4 58 17 184 1 194 14 19 10 
8 484 10 486 10 109 17 333 11 248 19 258 5 21 4 255 2 
10 485 10 487 8 102 11 398 2 68 7 197 1 128 8 290 13 76 17 359 16 
8 486 8 488 9 362 1 281 11 223 20 420 20 348 11 132 9 
8 487 9 489 13 149 18 454 13 59 6 51 10 425 1 461 8 
8 488 13 490 16 431 13 420 7 130 9 322 6 12 17 242 16 
7 489 16 491 4 292 5 385 7 309 13 24 6 111 8 
8 490 4 492 5 172 13 316 4 233 10 496 20 191 12 162 13 
9 491 5 493 10 435 20 154 7 240 7 157 12 170 9 333 5 50 7 
4 492 10 494 11 420 6 380 8 
13 493 11 495 3 407 7 477 2 484 13 1 5 50 14 462 20 211 10 427 2 149 10 450 14 332 14 
11 494 3 496 1 14 16 268 2 289 8 115 17 391 4 384 18 53 20 154 8 119 14 
15 495 1 497 2 222 15 387 12 134 4 393 9 108 4 321 19 165 18 266 3 110 1 491 20 390 2 461 13 353 20 
9 496 2 498 10 219 11 268 1 169 4 174 10 26 11 327 11 129 8 
9 497 10 36 6 91 7 162 15 402 8 221 6 261 7 211 5 350 6 