999 922
10 1 4 490 4 151 13 668 7 299 1 531 7 569 11 929 12 353 15 554 9 
5 0 4 2 7 88 1 856 4 549 10 
6 1 7 3 18 226 1 544 16 871 16 350 6 
12 2 18 4 16 323 1 790 18 434 9 297 20 584 13 695 19 513 14 691 14 470 2 198 2 
10 3 16 5 14 724 9 287 15 870 1 824 14 520 2 204 6 606 6 52 2 
8 4 14 6 16 567 16 44 15 374 12 519 20 841 10 50 15 
5 5 16 7 7 946 6 959 13 772 18 
13 6 7 8 13 442 15 706 17 435 8 231 6 456 2 470 16 395 17 825 1 752 9 747 5 382 11 
15 7 13 9 10 505 20 389 7 421 20 722 11 918 7 174 20 205 12 48 13 305 13 661 5 499 4 270 13 925 16 
7 8 10 10 2 348 15 336 9 961 6 93 17 864 6 
9 9 2 11 3 182 12 260 19 639 4 313 8 553 8 465 6 825 18 
14 10 3 12 8 573 10 693 14 602 2 814 14 229 10 785 5 40 5 491 3 100 19 925 2 257 12 601 8 
11 11 8 13 11 753 12 110 18 636 12 721 18 146 9 969 5 135 12 28 14 946 15 
13 12 11 14 20 651 3 600 14 123 14 724 10 176 10 494 14 793 16 354 1 228 19 302 9 812 15 
9 13 20 15 4 462 16 528 18 550 13 649 9 778 8 302 13 483 6 
10 14 4 16 7 672 5 148 9 631 13 116 3 827 20 762 11 329 2 543 19 
8 15 7 17 1 761 16 432 11 739 7 709 1 500 12 109 7 
8 16 1 18 7 345 2 662 12 217 5 445 6 789 9 337 15 
10 17 7 19 13 431 5 567 12 157 17 808 5 62 7 372 16 651 2 900 16 
12 18 13 20 17 457 1 214 17 876 15 420 4 83 11 884 11 659 17 758 13 60 16 477 7 
14 19 17 21 12 401 20 377 1 539 1 521 5 47 1 237 5 251 13 141 9 760 16 534 5 863 5 485 10 
6 20 12 22 9 597 1 601 18 920 9 69 7 
12 21 9 23 8 248 16 520 8 94 13 838 18 134 2 85 12 460 14 507 9 345 13 911 13 
10 22 8 24 10 656 19 399 2 352 6 777 12 458 6 453 13 766 1 129 20 
9 23 10 25 3 224 15 261 8 580 8 820 16 648 18 589 16 186 6 
13 24 3 26 11 668 20 352 5 192 4 896 10 175 2 859 16 400 4 267 19 957 16 812 4 903 19 
6 25 11 27 3 432 2 801 9 826 16 870 6 
11 26 3 28 4 990 9 871 19 195 17 519 20 840 9 443 17 279 14 272 5 790 12 
11 27 4 29 8 275 20 380 13 272 13 73 1 629 20 385 12 12 14 649 11 431 9 
6 28 8 30 16 805 5 629 19 549 20 882 20 
7 29 16 31 10 684 10 122 13 816 15 881 7 495 9 
5 30 10 32 3 583 9 320 15 201 10 
8 31 3 33 3 47 13 664 15 958 8 438 6 933 9 459 16 
8 32 3 34 19 708 14 346 6 421 14 340 6 743 14 843 7 
9 33 19 35 10 413 19 69 19 902 8 214 2 767 11 248 20 786 12 
9 34 10 36 8 958 19 580 1 785 2 853 5 446 11 233 5 855 10 
6 35 8 37 14 744 2 655 17 357 1 847 4 
11 36 14 38 17 606 4 194 6 206 20 154 13 457 5 182 9 959 6 581 2 192 19 
10 37 17 39 12 320 15 422 11 888 7 486 4 473 6 864 20 332 1 100 2 
10 38 12 40 3 100 15 627 1 981 6 173 14 909 13 852 12 287 20 682 17 
11 39 3 41 10 796 7 925 19 440 12 11 5 427 2 963 15 777 18 897 1 955 8 
13 40 10 42 14 914 17 856 19 459 1 326 18 666 5 613 2 547 4 310 18 416 17 165 13 950 10 
9 41 14 43 2 646 1 59 10 874 9 371 12 429 2 845 2 915 4 
7 42 2 44 20 896 19 540 15 570 18 551 12 793 16 
20 43 20 45 5 895 5 958 19 350 14 946 2 5 15 901 16 613 14 815 16 704 20 214 5 398 4 668 14 450 6 588 4 918 1 366 5 670 19 674 3 
9 44 5 46 18 487 7 821 17 577 8 380 20 200 14 359 4 527 7 
8 45 18 47 19 48 17 418 12 788 3 164 7 58 4 309 12 
13 46 19 48 5 32 13 20 1 466 1 648 13 231 4 437 5 949 20 803 12 765 7 503 13 270 8 
12 47 5 49 16 46 17 285 19 167 14 909 20 304 13 940 1 8 13 164 11 491 11 348 8 
12 48 16 50 11 804 15 447 10 128 2 456 13 429 19 475 18 54 14 632 9 835 12 557 9 
18 49 11 51 14 685 5 844 8 504 2 132 5 513 8 772 14 621 15 889 14 481 4 288 1 142 13 955 18 598 7 5 15 88 11 487 15 
9 50 14 52 7 279 5 671 7 420 13 165 2 684 14 852 15 394 9 
8 51 7 53 12 242 9 622 5 495 16 156 7 558 5 4 2 
13 52 12 54 1 730 20 533 14 298 10 933 11 503 19 655 6 728 4 281 2 300 17 766 12 409 2 
8 53 1 55 17 790 11 561 12 335 18 127 11 908 5 49 14 
9 54 17 56 14 956 11 370 12 532 7 819 17 58 13 728 16 751 12 
10 55 14 57 3 626 17 851 10 421 12 788 1 447 15 729 6 765 3 103 11 
7 56 3 58 11 703 7 807 11 714 6 688 3 815 9 
16 57 11 59 17 719 11 73 11 458 6 874 11 717 2 626 3 328 7 434 12 46 4 55 13 520 16 735 17 116 2 777 16 
10 58 17 60 2 617 1 572 8 372 6 42 10 326 6 799 16 411 18 676 5 
8 59 2 61 6 116 16 230 5 410 10 19 16 153 4 204 10 
7 60 6 62 6 215 11 318 6 977 1 239 10 287 19 
9 61 6 63 5 102 9 880 20 18 7 616 1 394 5 211 2 283 5 
8 62 5 64 8 717 9 208 19 555 11 953 3 676 16 364 3 
9 63 8 65 17 568 6 938 18 526 20 328 15 505 2 222 5 462 14 
9 64 17 66 6 485 3 503 4 374 19 431 9 805 5 870 13 795 1 
8 65 6 67 7 622 19 271 3 274 3 354 13 423 11 131 2 
10 66 7 68 10 332 8 361 18 639 9 684 8 602 13 876 16 861 3 907 3 
10 67 10 69 14 467 5 279 1 284 11 296 3 173 11 957 14 920 5 208 15 
9 68 14 70 18 513 7 410 3 549 8 679 3 34 19 322 3 21 7 
7 69 18 71 5 147 18 725 3 122 5 356 16 372 5 
5 70 5 72 16 198 5 390 11 97 11 
7 71 16 73 3 761 6 789 2 132 6 304 19 552 3 
10 72 3 74 6 58 11 689 10 618 19 80 12 762 17 28 1 665 5 881 4 
9 73 6 75 15 203 18 865 12 569 13 535 18 528 11 320 2 684 3 
9 74 15 76 8 725 8 474 17 492 13 703 14 260 16 190 16 583 7 
9 75 8 77 15 919 12 759 2 474 3 980 20 886 4 783 1 558 2 
10 76 15 78 5 367 6 321 9 451 18 888 9 551 13 554 19 524 15 199 15 
9 77 5 79 4 842 14 538 10 206 13 947 9 875 4 843 18 827 19 
8 78 4 80 11 429 5 874 11 952 14 576 6 609 9 110 16 
6 79 11 81 8 308 15 553 15 73 12 785 11 
13 80 8 82 9 117 9 201 5 610 14 592 5 420 8 146 12 781 15 522 5 984 3 874 10 600 14 
12 81 9 83 17 483 10 301 1 245 18 655 15 163 16 511 7 107 13 642 18 135 17 347 5 
7 82 17 84 19 688 8 436 20 19 11 865 8 294 8 
8 83 19 85 9 293 12 916 14 987 13 667 4 481 2 859 6 
10 84 9 86 5 450 4 595 1 664 17 22 12 477 19 981 8 773 13 802 12 
10 85 5 87 4 407 18 344 4 554 9 717 15 539 10 242 14 556 4 369 15 
11 86 4 88 12 709 17 871 16 982 12 746 19 187 8 496 12 285 11 688 18 693 10 
11 87 12 89 15 354 10 1 1 755 8 951 14 410 11 502 13 894 10 50 11 847 2 
10 88 15 90 20 667 17 405 10 383 13 165 8 472 9 521 1 800 2 680 9 
13 89 20 91 13 619 14 987 2 488 12 303 16 717 20 850 10 548 9 579 5 822 10 545 14 131 17 
8 90 13 92 1 606 18 443 4 595 10 373 10 825 4 597 3 
8 91 1 93 17 800 12 941 9 777 20 94 8 853 11 909 13 
10 92 17 94 9 286 15 413 6 371 3 220 17 569 10 753 3 501 18 9 17 
12 93 9 95 20 871 11 974 5 22 13 586 6 92 8 488 3 547 15 154 2 292 15 845 6 
12 94 20 96 13 607 1 456 5 964 19 808 18 726 16 331 4 462 8 543 2 670 2 185 1 
12 95 13 97 7 562 18 988 7 267 7 488 19 526 18 466 14 266 9 291 3 475 5 452 14 
9 96 7 98 7 270 9 322 7 312 12 273 4 910 13 607 2 71 11 
7 97 7 99 15 234 14 665 5 638 9 834 5 641 12 
7 98 15 100 20 568 6 938 14 772 4 163 9 136 4 
10 99 20 101 16 915 19 534 7 39 15 11 19 859 12 118 11 856 5 38 2 
8 100 16 102 11 757 13 141 13 441 5 404 17 302 16 397 11 
12 101 11 103 15 817 18 737 10 783 7 62 9 925 7 565 18 804 15 389 12 474 19 462 9 
11 102 15 104 19 269 16 391 6 401 3 300 8 280 11 131 13 697 3 990 14 56 11 
12 103 19 105 8 965 20 883 4 504 9 777 3 329 8 421 13 763 12 710 11 736 7 779 10 
8 104 8 106 2 949 19 860 1 381 12 746 5 669 6 218 10 
9 105 2 107 18 877 14 691 12 114 13 562 8 790 20 371 19 909 19 
12 106 18 108 3 262 12 290 5 742 8 137 13 562 6 126 8 847 6 82 13 869 19 646 18 
11 107 3 109 18 945 7 396 4 156 20 663 4 477 2 494 6 977 7 415 15 620 18 
14 108 18 110 13 250 7 860 10 824 7 145 17 544 4 762 7 389 17 537 11 336 18 550 12 979 14 16 7 
9 109 13 111 13 937 20 724 9 178 17 12 18 941 8 514 10 79 16 
8 110 13 112 17 444 19 185 11 822 13 649 3 523 8 429 7 
10 111 17 113 2 571 20 133 7 353 1 698 15 371 17 132 6 676 20 160 4 
7 112 2 114 1 522 7 298 3 241 19 253 20 855 6 
12 113 1 115 7 496 6 148 10 670 18 484 4 662 14 106 13 625 14 926 20 283 5 249 5 
9 114 7 116 2 207 9 350 4 674 4 288 17 229 11 775 14 656 15 
13 115 2 117 6 60 16 780 16 463 17 15 3 690 10 453 13 643 9 809 8 764 9 58 2 465 2 
11 116 6 118 10 81 9 397 12 897 1 131 9 735 12 612 17 156 19 198 14 912 15 
8 117 10 119 5 818 16 696 3 100 11 956 10 369 11 530 5 
11 118 5 120 20 835 19 507 5 609 4 931 6 711 10 482 7 387 11 900 5 305 4 
8 119 20 121 1 807 1 466 12 233 19 995 10 898 10 317 15 
5 120 1 122 10 638 3 311 3 594 7 
10 121 10 123 12 30 13 151 4 764 8 927 8 681 12 70 5 425 18 654 8 
8 122 12 124 18 437 17 13 14 641 14 922 20 826 7 425 15 
9 123 18 125 18 980 15 464 15 210 7 543 6 360 20 343 10 282 2 
7 124 18 126 12 467 1 795 13 969 7 380 12 499 18 
7 125 12 127 2 939 19 486 10 107 8 251 14 612 20 
13 126 2 128 16 527 19 523 15 54 11 978 12 829 19 174 11 790 12 256 5 401 20 678 2 578 17 
9 127 16 129 10 574 5 955 19 548 14 387 18 49 2 760 2 255 15 
8 128 10 130 8 631 10 839 19 23 20 954 20 564 20 958 20 
7 129 8 131 8 327 18 692 9 509 13 525 12 696 17 
11 130 8 132 17 726 14 523 9 117 9 845 13 103 13 341 10 66 2 90 17 212 18 
11 131 17 133 18 790 20 50 5 695 2 971 12 335 19 321 12 487 7 72 6 112 6 
10 132 18 134 14 272 12 639 14 112 7 741 3 696 7 525 2 768 10 948 6 
11 133 14 135 7 791 8 758 20 22 2 329 12 609 15 678 8 140 7 274 6 331 2 
9 134 7 136 6 879 15 706 4 231 12 992 17 12 12 82 17 923 14 
7 135 6 137 7 979 4 806 12 865 16 235 13 99 4 
14 136 7 138 4 558 14 467 4 830 1 107 13 370 15 543 19 794 12 353 20 339 17 501 4 693 2 695 11 
10 137 4 139 20 805 2 479 17 303 1 492 6 438 4 184 14 620 9 176 15 
8 138 20 140 5 633 1 928 5 745 11 154 4 511 3 863 4 
7 139 5 141 9 706 1 732 19 134 7 177 4 603 14 
9 140 9 142 12 101 13 257 5 625 18 289 18 20 9 407 13 664 8 
9 141 12 143 13 879 7 358 10 486 5 233 15 50 13 448 13 437 4 
13 142 13 144 10 923 10 228 10 643 12 381 4 588 7 145 10 260 8 871 20 345 7 148 16 855 8 
8 143 10 145 4 688 17 340 6 840 5 507 3 554 19 173 7 
6 144 4 146 20 892 14 143 10 539 13 109 17 
8 145 20 147 11 81 12 12 9 630 11 866 19 734 7 844 18 
11 146 11 148 9 229 11 70 18 811 7 541 4 501 4 415 13 836 9 928 1 364 19 
10 147 9 149 9 114 10 898 7 954 19 15 9 814 14 476 8 143 16 423 2 
9 148 9 150 16 805 13 650 7 744 16 852 2 506 18 405 1 896 10 
5 149 16 151 1 733 18 322 9 414 10 
7 150 1 152 10 0 13 122 4 889 20 309 1 527 19 
9 151 10 153 17 938 4 449 4 310 11 300 7 513 16 932 13 711 16 
9 152 17 154 4 836 16 237 6 184 12 859 8 158 1 60 4 924 10 
10 153 4 155 19 848 20 550 14 37 13 797 19 94 2 585 9 139 4 319 19 
8 154 19 156 6 789 9 365 14 600 16 875 1 748 9 377 3 
10 155 6 157 7 606 20 108 20 52 7 394 8 790 8 117 19 823 10 661 4 
9 156 7 158 12 615 3 337 8 462 10 18 17 562 6 616 8 620 7 
13 157 12 159 2 996 1 656 3 196 12 386 4 192 5 502 19 768 20 153 1 396 14 444 14 568 1 
13 158 2 160 16 552 10 574 1 308 2 381 18 680 7 278 11 403 10 779 2 528 6 757 3 683 15 
13 159 16 161 20 713 1 277 8 572 2 771 12 931 4 412 8 378 20 438 8 498 15 112 4 432 13 
8 160 20 162 9 354 1 425 20 761 6 278 13 618 8 615 13 
5 161 9 163 5 690 11 373 6 955 20 
9 162 5 164 9 522 16 376 6 99 9 82 16 610 9 449 15 373 6 
13 163 9 165 2 374 10 690 20 848 9 799 7 46 7 629 16 599 4 48 11 538 6 414 8 895 14 
9 164 2 166 11 860 17 89 8 474 13 398 14 51 2 495 14 41 13 
13 165 11 167 14 535 1 477 12 212 18 569 9 730 10 420 19 348 16 908 3 883 19 379 20 365 12 
9 166 14 168 1 179 15 48 14 812 2 606 11 393 17 591 14 968 20 
10 167 1 169 15 333 1 578 18 454 20 536 5 669 8 852 5 733 11 174 17 
7 168 15 170 5 970 3 556 18 700 1 303 20 245 19 
9 169 5 171 5 266 18 953 1 582 14 225 8 813 8 658 12 433 10 
10 170 5 172 15 810 10 292 7 726 3 316 10 540 2 649 9 368 6 972 6 
10 171 15 173 8 209 15 639 13 839 17 282 14 621 2 531 19 518 4 443 19 
11 172 8 174 17 424 17 997 17 493 14 547 14 39 14 68 11 144 7 583 17 552 5 
13 173 17 175 4 874 4 659 15 288 11 261 18 265 12 8 20 127 11 797 3 501 12 168 17 528 19 
10 174 4 176 12 755 20 997 11 721 13 909 1 343 16 25 2 840 2 217 12 
6 175 12 177 8 362 9 13 10 255 4 138 15 
6 176 8 178 6 205 8 680 11 140 4 660 12 
10 177 6 179 20 762 7 820 10 110 17 672 14 472 12 827 20 950 4 828 11 
9 178 20 180 17 167 15 879 4 653 4 473 10 633 12 464 8 839 8 
10 179 17 181 13 350 11 468 9 317 13 258 5 820 10 456 1 351 5 987 5 
7 180 13 182 12 569 14 421 13 529 10 275 16 197 6 
8 181 12 183 18 10 12 591 3 333 18 600 7 37 9 801 10 
9 182 18 184 9 718 17 278 11 506 6 578 18 709 13 381 9 364 6 
13 183 9 185 16 856 3 433 4 422 1 688 3 138 14 318 4 503 17 153 12 733 1 695 14 534 12 
7 184 16 186 8 901 18 111 11 221 5 509 3 95 1 
13 185 8 187 15 188 11 821 5 738 7 836 16 542 18 444 6 764 12 24 6 452 20 831 1 757 1 
12 186 15 188 2 562 15 542 15 432 7 814 9 754 7 880 3 789 18 87 8 631 18 862 6 
9 187 2 189 19 186 11 430 16 929 9 678 7 576 20 859 2 623 13 
9 188 19 190 16 583 4 663 5 645 9 316 16 551 18 811 12 713 13 
6 189 16 191 10 636 19 75 16 889 17 956 16 
7 190 10 192 18 205 20 450 5 851 17 589 3 273 20 
9 191 18 193 16 900 7 401 7 205 16 25 4 673 13 158 5 37 19 
13 192 16 194 14 766 2 902 1 771 20 988 1 657 9 240 5 417 13 935 9 298 11 614 17 855 5 
14 193 14 195 19 37 6 201 10 334 16 451 9 634 1 886 2 569 11 926 3 633 19 560 13 438 6 351 11 
7 194 19 196 9 755 12 27 17 231 16 595 3 774 6 
14 195 9 197 4 431 12 498 19 247 4 821 12 857 15 158 12 761 17 914 7 522 2 957 8 777 14 448 4 
10 196 4 198 12 693 9 831 18 410 16 942 7 868 16 181 6 969 20 767 7 
17 197 12 199 9 591 18 694 6 806 15 71 5 827 1 770 20 983 17 616 10 260 2 373 20 737 13 561 4 117 14 569 1 3 2 
10 198 9 200 10 830 17 630 17 513 14 788 5 216 5 571 19 865 14 77 15 
8 199 10 201 17 419 7 299 17 579 20 45 14 351 17 330 5 
12 200 17 202 5 194 10 81 5 630 7 614 1 293 20 224 10 409 12 550 7 276 19 31 10 
11 201 5 203 4 597 18 732 11 224 10 321 5 869 4 298 6 833 9 233 17 325 17 
8 202 4 204 4 716 16 74 18 315 9 809 3 979 9 667 7 
10 203 4 205 14 843 5 607 7 4 6 280 18 60 10 698 12 991 19 643 9 
16 204 14 206 19 191 20 689 14 571 15 192 16 702 10 610 3 177 8 8 12 416 6 616 16 585 10 382 5 983 20 635 15 
12 205 19 207 7 682 3 727 1 37 20 416 7 641 7 387 10 677 16 911 18 78 13 242 18 
12 206 7 208 1 927 6 830 7 978 5 115 9 946 9 624 9 265 11 933 14 753 9 353 10 
12 207 1 209 5 698 8 63 19 230 3 992 4 226 13 563 15 674 8 875 16 68 15 623 14 
7 208 5 210 19 172 15 972 12 977 10 654 13 497 1 
11 209 19 211 9 411 6 467 2 478 19 767 8 124 7 291 7 648 5 833 14 782 16 
7 210 9 212 9 488 18 385 15 366 2 789 5 62 2 
13 211 9 213 10 794 9 166 18 407 8 367 19 561 12 618 8 818 10 875 19 552 5 599 2 131 18 
8 212 10 214 18 387 2 312 11 290 8 690 14 920 14 740 2 
11 213 18 215 18 19 17 752 7 483 3 791 10 34 2 44 5 413 17 739 11 358 17 
8 214 18 216 17 61 11 834 20 526 20 808 9 639 19 487 6 
9 215 17 217 5 784 9 552 7 511 5 454 9 199 5 846 15 333 7 
11 216 5 218 4 468 2 293 17 690 10 320 3 17 5 832 19 175 12 897 4 290 13 
9 217 4 219 11 830 4 416 17 981 5 970 5 443 15 105 10 963 4 
11 218 11 220 4 309 7 633 5 853 16 930 18 289 15 928 1 924 8 712 11 559 20 
8 219 4 221 11 710 16 93 17 377 10 474 6 490 3 806 9 
10 220 11 222 20 302 1 803 10 738 11 931 3 343 19 185 5 577 6 299 13 
10 221 20 223 13 652 7 446 17 848 20 620 2 518 13 64 5 336 5 837 16 
4 222 13 224 6 378 17 346 6 
11 223 6 225 5 24 15 202 10 539 10 429 18 918 1 201 10 313 2 996 3 704 19 
9 224 5 226 11 538 18 858 9 413 5 528 6 170 8 953 15 468 20 
8 225 11 227 6 2 1 890 18 208 13 905 3 790 19 600 9 
9 226 6 228 20 237 7 954 15 624 12 700 3 280 11 811 8 507 1 
9 227 20 229 15 143 10 802 16 283 5 451 4 965 15 825 17 13 19 
12 228 15 230 7 147 11 282 7 11 10 909 20 557 8 115 11 307 3 640 19 548 3 906 14 
14 229 7 231 10 578 20 751 15 60 5 928 13 494 1 208 3 536 14 432 5 723 1 469 8 856 12 980 2 
13 230 10 232 3 516 3 7 6 288 4 135 12 547 12 444 6 47 4 195 16 396 4 378 19 303 7 
7 231 3 233 3 397 5 462 11 929 12 674 7 870 12 
10 232 3 234 5 406 1 438 16 120 19 142 15 294 14 870 18 202 17 35 5 
7 233 5 235 18 98 14 851 17 885 7 242 17 674 3 
10 234 18 236 8 651 19 403 14 136 13 564 19 709 8 654 15 872 9 369 14 
5 235 8 237 16 241 9 950 20 961 7 
12 236 16 238 5 852 16 227 7 20 5 328 19 153 6 284 11 399 1 932 18 439 2 772 10 
10 237 5 239 9 626 9 782 4 573 2 667 17 982 14 731 15 457 12 822 10 
8 238 9 240 12 617 12 524 4 248 6 715 20 61 10 907 18 
7 239 12 241 3 193 5 676 11 926 5 563 17 636 12 
12 240 3 242 9 236 9 439 7 996 13 319 5 113 19 463 11 676 1 670 6 898 6 567 15 
12 241 9 243 20 411 4 390 5 52 9 788 8 234 17 608 3 86 14 299 1 206 18 849 20 
6 242 20 244 4 821 8 788 6 379 5 487 1 
5 243 4 245 7 890 19 703 11 436 5 
7 244 7 246 9 82 18 802 2 733 13 169 19 832 12 
6 245 9 247 1 605 7 837 19 643 15 815 6 
13 246 1 248 3 338 10 662 5 196 4 346 6 355 18 732 20 426 10 399 13 820 1 826 8 725 5 
12 247 3 249 12 935 19 22 16 758 13 625 6 239 6 374 2 463 3 498 17 34 20 760 12 
8 248 12 250 11 547 14 813 5 731 5 883 1 114 5 341 13 
12 249 11 251 6 109 7 872 16 632 18 742 1 719 19 530 9 511 5 626 9 477 17 273 1 
14 250 6 252 2 887 6 484 18 653 20 20 13 973 17 876 6 300 16 126 14 998 12 789 14 843 19 535 8 
9 251 2 253 2 513 18 263 3 544 5 612 13 750 4 936 10 363 6 
6 252 2 254 11 666 14 592 7 113 20 378 14 
6 253 11 255 19 440 3 611 1 666 4 626 4 
10 254 19 256 6 401 3 270 19 128 15 369 19 375 5 176 4 655 16 812 18 
7 255 6 257 1 589 12 906 2 127 5 476 7 726 17 
11 256 1 258 17 141 5 980 5 320 19 403 18 524 13 540 2 838 15 381 16 11 12 
13 257 17 259 5 976 18 660 14 180 5 445 11 484 17 873 15 668 10 363 15 877 9 852 17 264 1 
10 258 5 260 7 410 15 598 15 773 18 779 17 327 16 543 3 963 10 605 15 
13 259 7 261 3 341 19 817 17 463 5 733 2 75 16 143 8 10 19 910 19 198 2 277 13 508 18 
9 260 3 262 6 321 6 24 8 174 18 526 5 623 19 726 19 846 13 
6 261 6 263 9 107 12 418 16 878 20 614 7 
12 262 9 264 17 695 12 956 4 655 10 986 15 252 3 456 13 486 10 478 4 373 3 470 19 
15 263 17 265 3 912 15 722 1 829 11 403 11 710 9 358 10 996 19 850 3 852 4 920 16 858 17 817 5 258 1 
10 264 3 266 19 436 4 429 19 825 9 174 12 207 11 432 8 396 7 282 17 
11 265 19 267 5 889 7 170 18 306 10 314 18 276 6 373 4 96 9 971 6 607 8 
9 266 5 268 18 779 10 866 20 96 7 861 1 687 7 25 19 910 17 
7 267 18 269 3 796 9 762 10 426 7 290 4 723 18 
9 268 3 270 5 295 14 103 16 936 19 884 17 908 20 467 3 870 6 
15 269 5 271 1 97 9 255 19 537 1 582 2 385 1 735 3 446 13 963 16 712 1 8 13 353 20 645 7 47 8 
7 270 1 272 17 66 3 777 17 761 11 739 1 507 18 
14 271 17 273 13 351 1 322 7 133 12 517 18 699 19 358 19 700 8 596 14 829 13 28 13 418 13 27 5 
7 272 13 274 20 97 4 250 1 459 8 347 7 191 20 
6 273 20 275 20 650 13 939 11 66 3 134 6 
9 274 20 276 11 28 20 849 16 548 20 181 16 305 8 478 5 444 1 
9 275 11 277 9 981 1 408 8 679 9 266 6 604 1 716 7 201 19 
11 276 9 278 12 441 9 160 8 547 13 803 11 405 9 967 5 260 13 419 4 767 1 
11 277 12 279 14 183 11 700 1 839 20 159 11 914 19 161 13 456 18 850 12 679 7 
13 278 14 280 12 555 7 51 5 68 1 305 14 883 6 27 14 783 3 921 14 617 8 527 2 804 7 
13 279 12 281 2 602 18 882 9 433 14 484 17 878 13 560 3 103 11 773 7 701 14 204 18 227 11 
9 280 2 282 11 350 8 839 8 769 4 53 2 382 1 655 2 944 13 
14 281 11 283 14 229 7 891 7 965 16 312 17 172 14 820 4 707 19 265 17 864 19 949 3 880 13 124 2 
9 282 14 284 15 707 2 228 5 114 5 409 15 62 5 367 16 349 6 
10 283 15 285 1 901 19 761 12 594 6 68 11 782 2 237 11 667 6 336 19 
12 284 1 286 4 655 15 298 6 48 19 319 7 906 2 407 16 699 15 341 4 640 4 87 11 
10 285 4 287 20 93 15 399 4 735 12 960 5 397 9 500 2 729 13 459 14 
9 286 20 288 2 482 13 583 16 4 15 715 20 61 19 39 20 336 16 
12 287 2 289 20 514 9 973 11 231 4 490 5 174 11 115 17 995 16 50 1 448 15 747 20 
10 288 20 290 17 517 11 429 16 219 15 939 2 141 18 749 19 424 11 649 4 
9 289 17 291 20 107 5 474 10 640 19 213 8 268 4 217 13 628 2 
9 290 20 292 14 210 7 884 15 456 5 96 3 833 1 964 14 421 19 
7 291 14 293 14 171 7 873 3 535 8 94 15 343 8 
9 292 14 294 9 217 17 84 12 578 15 498 17 201 20 862 8 354 9 
13 293 9 295 11 816 4 946 7 452 19 581 18 802 7 233 14 348 8 633 1 792 15 795 3 83 8 
9 294 11 296 16 269 14 430 16 944 8 716 18 366 8 799 10 563 18 
13 295 16 297 7 514 6 595 16 816 10 379 19 869 18 622 13 68 3 389 6 491 4 924 8 330 2 
9 296 7 298 7 499 7 3 20 619 5 495 7 940 9 805 19 343 17 
15 297 7 299 5 285 6 777 12 565 6 53 10 507 3 898 11 768 9 113 3 202 6 711 1 505 8 474 7 193 11 
15 298 5 300 1 560 14 0 1 457 6 809 3 429 19 200 17 242 1 539 8 970 18 467 13 491 1 221 13 501 12 
14 299 1 301 11 889 4 446 18 329 1 854 19 987 1 103 8 251 16 415 13 53 17 405 5 957 8 152 7 
5 300 11 302 5 82 1 486 11 787 16 
14 301 5 303 17 221 1 844 3 863 14 367 19 391 4 462 19 101 16 580 4 14 13 749 17 13 9 420 20 
10 302 17 304 3 333 2 90 16 138 1 542 12 766 10 727 4 169 20 231 7 
10 303 3 305 17 482 9 48 13 640 8 578 4 994 11 659 12 72 19 783 7 
14 304 17 306 8 663 8 563 3 845 1 962 12 279 14 507 8 8 13 119 4 275 8 968 6 974 6 381 20 
12 305 8 307 6 494 20 266 10 619 19 953 8 483 4 377 14 797 12 893 19 429 9 591 19 
6 306 6 308 17 881 19 403 4 486 2 229 3 
17 307 17 309 20 666 20 392 14 159 2 483 20 492 15 669 7 80 15 458 8 883 18 626 12 546 13 918 20 598 3 325 15 526 18 
6 308 20 310 19 219 7 378 18 46 12 151 1 
8 309 19 311 8 872 16 152 11 41 18 613 13 860 3 759 12 
11 310 8 312 13 824 3 318 17 341 12 381 12 952 16 407 18 121 3 855 3 586 19 
10 311 13 313 9 574 11 914 16 97 12 282 17 213 11 397 1 698 7 613 4 
13 312 9 314 13 611 19 690 11 664 6 982 11 594 7 581 17 224 2 500 10 10 8 612 6 985 11 
8 313 13 315 20 904 6 266 18 946 6 337 11 462 7 951 5 
11 314 20 316 10 669 10 602 16 402 20 797 11 203 9 820 10 974 20 398 7 320 17 
8 315 10 317 17 638 6 606 8 171 10 189 16 992 11 912 11 
9 316 17 318 11 383 14 180 13 706 15 512 3 664 4 699 12 120 15 
16 317 11 319 3 423 10 311 17 807 5 184 4 623 20 641 1 357 17 594 11 61 6 775 1 865 12 960 18 480 4 451 16 
16 318 3 320 8 629 15 607 11 285 7 562 15 704 13 241 5 987 5 814 8 840 3 339 2 920 10 968 12 154 19 745 5 
15 319 8 321 7 653 1 38 15 31 15 257 19 455 16 217 3 542 8 336 20 660 1 565 9 74 2 315 17 529 17 
11 320 7 322 2 261 6 77 9 580 3 354 8 202 5 361 14 519 15 132 12 862 9 
8 321 2 323 14 97 7 799 1 272 7 832 17 150 9 69 3 
6 322 14 324 13 3 1 908 9 811 19 531 4 
5 323 13 325 2 729 8 958 9 610 7 
10 324 2 326 16 802 5 376 14 902 7 723 1 488 20 648 17 202 17 308 15 
9 325 16 327 20 41 18 962 8 899 9 59 6 497 12 369 10 393 5 
13 326 20 328 20 875 18 692 19 130 18 259 16 573 17 607 18 986 5 625 18 820 16 558 8 462 8 
11 327 20 329 2 724 17 237 19 845 15 58 7 578 12 64 15 752 15 997 19 825 7 
12 328 2 330 5 386 12 654 6 300 1 134 12 104 8 360 15 822 14 368 3 15 2 408 3 
10 329 5 331 20 880 20 694 8 959 20 475 16 950 5 960 15 296 2 200 5 
6 330 20 332 12 947 3 95 4 555 17 134 2 
9 331 12 333 1 845 14 67 8 905 15 708 10 38 1 674 2 627 10 
10 332 1 334 8 351 12 303 2 525 16 168 1 704 7 182 18 593 19 216 7 
8 333 8 335 6 194 16 802 11 679 7 762 20 829 5 711 16 
6 334 6 336 9 54 18 132 19 727 9 954 2 
16 335 9 337 8 966 15 565 15 466 11 9 9 729 4 557 7 320 20 109 18 678 18 465 9 810 11 287 16 222 5 284 19 
11 336 8 338 11 403 7 854 20 157 8 425 2 736 19 645 11 314 11 780 11 17 15 
5 337 11 339 5 247 10 976 2 820 12 
7 338 5 340 19 727 10 319 2 968 17 354 9 137 17 
8 339 19 341 1 144 6 537 20 551 13 693 1 444 9 33 6 
12 340 1 342 5 543 17 260 19 311 12 901 3 895 18 430 2 473 13 285 4 131 10 249 13 
6 341 5 343 3 488 1 749 20 738 4 969 5 
11 342 3 344 10 647 6 979 15 175 16 814 7 221 19 898 1 124 10 297 17 292 8 
7 343 10 345 17 86 4 440 7 992 14 774 14 369 7 
6 344 17 346 2 17 2 407 1 143 7 22 13 
8 345 2 347 11 614 1 33 6 661 18 247 6 461 1 223 6 
7 346 11 348 5 561 17 829 3 273 7 801 4 82 5 
8 347 5 349 13 9 15 166 16 997 19 294 8 48 8 522 5 
7 348 13 350 13 758 10 678 14 959 6 374 17 283 6 
9 349 13 351 13 180 11 281 8 783 16 44 14 733 11 115 4 2 6 
15 350 13 352 11 333 12 996 4 272 1 760 12 906 13 571 7 821 9 920 18 194 11 839 18 180 5 798 8 200 17 
10 351 11 353 6 697 5 25 5 23 6 651 14 604 17 944 4 774 16 570 16 
10 352 6 354 6 406 7 629 1 407 9 112 1 137 20 0 15 270 20 207 10 
15 353 6 355 3 536 4 321 8 88 10 161 1 66 13 460 18 994 13 981 7 339 9 13 1 808 3 661 11 293 9 
12 354 3 356 20 585 7 247 18 920 20 516 18 658 9 965 5 617 1 807 1 436 1 386 12 
8 355 20 357 1 395 6 853 19 718 20 782 7 70 16 466 3 
13 356 1 358 3 774 10 492 13 388 20 775 15 318 17 607 2 990 12 889 5 575 7 704 18 36 1 
9 357 3 359 19 142 10 272 19 264 10 559 6 954 1 214 17 532 19 
11 358 19 360 14 388 15 909 9 725 9 730 7 961 4 676 18 371 14 45 4 967 4 
9 359 14 361 19 607 11 329 15 539 20 384 8 783 15 472 10 124 20 
11 360 19 362 11 914 11 422 20 379 4 496 12 949 19 67 18 321 14 372 9 562 4 
7 361 11 363 5 968 8 176 9 690 20 780 15 856 19 
9 362 5 364 11 617 4 633 14 258 15 767 19 699 18 900 10 252 6 
13 363 11 365 10 914 4 487 6 832 4 626 1 862 14 63 3 757 6 403 12 937 4 147 19 183 6 
6 364 10 366 2 717 1 155 14 923 20 166 12 
13 365 2 367 20 786 1 975 18 295 8 812 1 211 2 448 3 477 18 430 5 979 20 44 5 993 4 
12 366 20 368 17 77 6 635 15 449 9 555 7 538 5 302 19 212 19 947 10 421 11 283 16 
7 367 17 369 13 534 1 329 3 728 16 171 6 975 10 
13 368 13 370 16 729 20 822 13 613 15 255 19 491 9 118 11 86 15 344 7 920 13 235 14 326 10 
10 369 16 371 15 397 18 462 2 137 15 826 4 55 12 918 11 380 9 702 12 
15 370 15 372 5 665 18 920 5 93 3 642 15 597 4 106 19 759 18 42 12 359 14 755 3 112 17 780 2 391 1 
9 371 5 373 20 562 18 919 8 915 1 59 6 18 16 70 5 361 9 
10 372 20 374 10 266 4 198 20 162 6 91 10 263 3 386 2 441 10 163 6 
16 373 10 375 14 164 10 995 3 65 19 5 12 806 12 710 9 248 2 880 15 760 9 410 10 349 17 767 2 985 5 931 12 
8 374 14 376 17 475 19 513 19 255 5 553 4 769 18 486 2 
11 375 17 377 11 325 14 582 2 479 19 735 8 832 10 163 6 615 18 800 12 430 18 
11 376 11 378 16 20 1 726 17 220 10 712 14 425 18 564 14 306 14 814 13 155 3 
15 377 16 379 1 569 12 309 18 391 13 467 15 492 8 223 17 690 15 515 18 160 20 532 18 841 2 231 19 253 14 
9 378 1 380 3 759 11 361 4 243 5 296 19 671 1 166 20 807 12 
11 379 3 381 20 422 17 867 5 623 1 28 13 618 18 370 9 125 12 45 20 717 7 
13 380 20 382 5 159 18 143 4 603 10 105 12 453 7 311 12 968 16 183 9 257 16 463 14 305 20 
9 381 5 383 14 655 9 495 16 281 1 205 5 748 14 598 17 7 11 
8 382 14 384 6 317 14 836 1 679 3 89 13 978 5 691 1 
7 383 6 385 2 894 16 360 8 695 7 640 5 736 4 
10 384 2 386 8 590 11 270 1 211 15 616 7 529 3 28 12 924 7 594 2 
9 385 8 387 5 329 12 480 15 983 9 158 4 373 2 355 12 933 5 
9 386 5 388 14 213 2 128 18 206 10 618 3 119 11 964 13 941 10 
6 387 14 389 2 745 11 359 15 357 20 455 15 
10 388 2 390 15 481 14 8 7 427 16 945 20 296 6 790 11 109 17 102 12 
11 389 15 391 7 996 20 242 5 565 4 665 3 747 15 883 20 990 17 71 11 981 18 
11 390 7 392 20 378 13 103 6 302 4 980 5 919 7 925 4 914 6 812 13 371 1 
7 391 20 393 5 308 14 566 7 448 11 647 12 542 18 
10 392 5 394 3 743 19 961 12 477 6 167 17 663 10 889 13 766 3 326 5 
9 393 3 395 3 156 8 464 16 556 5 766 7 51 9 62 5 706 3 
11 394 3 396 7 816 10 940 20 605 12 516 18 701 7 520 14 356 6 7 17 795 11 
15 395 7 397 5 622 8 108 4 755 20 865 13 862 4 265 7 428 19 231 4 671 2 925 13 947 2 158 14 738 9 
13 396 5 398 2 370 18 232 5 117 12 404 1 985 4 312 1 991 5 286 9 866 1 101 11 431 5 
11 397 2 399 3 906 20 508 19 607 6 165 14 44 4 821 2 875 4 315 7 831 16 
10 398 3 400 9 286 4 520 6 23 2 836 1 473 19 247 13 591 5 237 1 
10 399 9 401 9 696 5 830 13 487 10 634 2 785 9 25 4 743 15 996 16 
13 400 9 402 10 20 20 255 3 192 7 525 7 103 3 894 8 127 20 507 18 575 13 503 18 988 8 
8 401 10 403 13 315 20 673 2 958 7 828 1 473 15 501 12 
13 402 13 404 9 337 7 959 6 235 14 307 4 264 11 159 10 257 18 693 8 963 3 471 13 364 12 
10 403 9 405 19 397 1 497 5 526 10 761 17 101 17 966 3 710 17 488 12 
10 404 19 406 19 429 14 902 10 89 10 904 5 277 9 766 11 300 5 149 1 
10 405 19 407 17 915 3 353 7 463 5 233 1 947 1 960 13 687 2 408 3 
16 406 17 408 9 86 18 212 8 853 8 523 19 345 1 604 3 921 14 705 10 353 9 285 16 910 9 311 18 438 9 141 13 
10 407 9 409 14 837 14 276 8 827 15 412 14 522 17 406 3 329 3 677 6 
11 408 14 410 9 717 11 494 1 518 12 744 8 201 12 283 15 729 13 53 2 488 20 
16 409 9 411 4 197 16 855 18 69 3 259 15 824 3 974 4 60 10 601 11 88 11 946 6 679 5 452 3 514 16 374 10 
8 410 4 412 14 210 6 460 8 242 4 741 16 876 4 59 18 
6 411 14 413 14 926 9 408 14 160 8 919 20 
10 412 14 414 9 93 6 225 5 810 3 34 19 535 15 214 17 429 18 788 18 
5 413 9 415 11 715 3 150 10 164 8 
8 414 11 416 15 916 3 715 12 147 13 300 13 929 4 108 15 
10 415 15 417 8 218 17 988 4 206 7 466 19 565 11 205 6 614 7 41 17 
7 416 8 418 7 517 7 616 16 193 13 451 1 995 19 
12 417 7 419 9 687 4 46 12 430 15 932 7 262 16 427 10 678 5 272 13 822 8 842 19 
9 418 9 420 10 200 7 558 1 835 12 546 10 277 4 771 18 636 4 
15 419 10 421 1 440 3 19 4 748 8 81 8 166 19 754 10 626 3 51 13 819 4 470 13 492 10 597 11 302 20 
14 420 1 422 7 8 20 33 14 104 13 181 13 794 11 526 19 852 6 56 12 890 17 596 1 367 11 291 19 
9 421 7 423 9 361 20 380 17 501 5 38 11 184 1 817 19 960 4 
8 422 9 424 18 744 11 318 10 782 19 66 11 816 2 148 2 
9 423 18 425 10 173 17 941 5 508 17 558 17 930 15 631 12 289 11 
12 424 10 426 11 575 1 161 20 337 2 377 18 616 6 590 4 122 18 642 18 123 15 978 17 
10 425 11 427 4 928 11 268 7 247 10 916 2 843 18 840 15 990 16 455 8 
8 426 4 428 14 389 16 418 10 40 2 780 2 523 17 469 6 
8 427 14 429 4 613 16 726 4 711 14 396 19 841 12 696 12 
16 428 4 430 18 405 14 985 13 289 16 265 19 79 5 224 18 49 19 777 14 299 19 42 2 903 17 413 18 111 7 306 9 
17 429 18 431 14 977 12 295 16 561 5 418 15 688 12 476 1 188 16 341 2 889 11 664 20 366 5 915 6 880 17 765 4 376 18 
13 430 14 432 13 196 12 818 10 18 5 826 11 671 17 566 1 65 9 676 8 453 18 397 5 28 9 
15 431 13 433 7 964 3 187 7 26 2 16 11 581 6 265 8 693 8 230 5 933 10 976 12 634 13 880 11 160 13 
14 432 7 434 6 892 1 280 14 184 4 609 5 607 9 756 9 919 17 727 19 474 6 591 2 956 1 170 10 
7 433 6 435 13 3 9 58 12 917 12 721 11 832 18 
9 434 13 436 17 647 16 7 8 742 18 645 14 530 14 532 6 756 3 
11 435 17 437 16 830 3 265 4 83 20 684 1 926 15 818 2 244 5 355 1 883 18 
9 436 16 438 9 629 11 123 17 47 5 998 10 932 6 142 4 741 16 
13 437 9 439 18 594 11 233 16 138 4 32 6 621 11 194 6 552 6 407 9 160 8 493 6 980 11 
4 438 18 440 10 241 7 237 2 
8 439 10 441 17 254 3 420 3 558 4 344 7 953 12 40 12 
12 440 17 442 1 659 17 473 8 277 9 683 10 101 5 704 14 633 13 732 10 978 10 373 10 
9 441 1 443 15 944 18 920 12 7 15 984 5 791 13 753 2 579 7 
9 442 15 444 2 678 12 27 17 218 15 91 4 827 16 172 19 592 6 
13 443 2 445 1 644 11 704 7 111 19 231 6 748 16 805 9 340 9 186 6 275 1 158 14 874 3 
8 444 1 446 5 17 6 258 11 990 3 988 15 910 4 514 20 
15 445 5 447 9 543 13 963 13 527 4 932 3 300 18 583 15 222 17 633 19 483 14 270 13 35 11 979 1 611 19 
5 446 9 448 8 49 10 56 15 507 7 
12 447 8 449 11 608 20 956 13 522 13 392 11 366 3 547 20 734 6 288 15 142 13 196 4 
8 448 11 450 9 367 9 152 4 974 17 858 17 497 15 163 15 
13 449 9 451 17 85 4 191 5 865 4 595 11 511 3 522 5 924 4 483 10 44 6 497 12 962 19 
10 450 17 452 3 194 9 77 18 520 18 228 4 933 2 870 18 417 1 318 16 
13 451 3 453 15 294 19 861 18 721 13 669 1 471 13 410 3 978 3 527 16 964 6 186 20 96 14 
7 452 15 454 18 116 13 381 7 23 13 518 6 431 18 
7 453 18 455 20 589 20 694 4 168 20 666 20 216 9 
7 454 20 456 4 320 16 388 15 797 8 651 9 426 8 
10 455 4 457 20 95 5 7 2 49 13 263 13 291 5 932 10 180 1 278 18 
11 456 20 458 3 19 1 515 8 485 11 570 19 37 5 299 6 626 17 238 12 946 4 
14 457 3 459 9 612 4 58 6 849 5 857 7 308 8 811 5 774 18 23 6 766 12 991 16 514 16 493 19 
12 458 9 460 4 609 17 786 20 41 1 966 5 538 12 623 17 511 14 273 8 32 16 286 14 
11 459 4 461 1 776 18 411 8 978 5 354 18 848 8 22 14 861 20 659 18 803 17 
7 460 1 462 2 346 1 682 3 751 6 875 19 558 20 
15 461 2 463 8 370 2 232 11 14 16 157 10 638 4 302 19 716 6 95 8 64 14 314 7 592 11 327 8 102 9 
12 462 8 464 19 406 5 907 14 116 17 260 5 931 11 241 11 489 8 248 3 562 10 381 14 
11 463 19 465 20 575 2 124 15 703 13 394 16 803 6 179 8 788 2 656 6 630 8 
13 464 20 466 12 542 7 839 8 613 11 10 6 666 15 490 13 978 18 789 15 862 20 336 9 116 2 
12 465 12 467 16 773 16 817 6 120 12 47 1 416 19 336 11 96 14 986 18 846 10 356 3 
14 466 16 468 15 522 8 554 9 210 2 469 14 125 1 378 15 137 4 68 5 846 18 583 20 269 3 299 13 
11 467 15 469 20 217 2 594 3 180 9 722 18 647 3 884 13 605 12 844 8 225 20 
6 468 20 470 13 467 14 472 12 230 8 427 6 
13 469 13 471 16 871 17 847 4 591 15 7 16 918 16 3 2 595 1 420 13 835 20 263 19 704 15 
8 470 16 472 8 917 10 506 13 638 10 452 13 403 13 903 18 
10 471 8 473 5 842 11 522 12 178 12 360 10 89 9 469 12 978 7 929 5 
14 472 5 474 10 578 1 441 8 671 6 485 20 179 10 788 5 399 19 341 13 402 15 38 6 715 8 718 14 
14 473 10 475 10 75 17 290 10 76 3 704 1 220 6 583 16 165 13 918 5 433 6 298 7 872 6 102 19 
9 474 10 476 5 665 18 375 19 330 16 49 18 983 9 96 5 506 13 
10 475 5 477 6 430 1 532 1 853 18 873 12 148 8 256 7 897 9 701 10 
11 476 6 478 10 166 12 108 2 85 19 393 6 250 17 811 6 366 18 830 4 19 7 
11 477 10 479 4 633 1 709 10 210 19 869 12 263 4 275 5 681 2 893 8 624 18 
11 478 4 480 16 138 17 376 19 777 4 758 7 600 15 817 15 897 12 813 15 971 12 
7 479 16 481 18 386 15 656 16 887 8 675 10 318 4 
10 480 18 482 1 389 14 539 20 740 18 911 10 822 6 50 4 84 2 923 10 
9 481 1 483 19 287 13 304 9 119 7 736 8 535 13 846 1 551 11 
14 482 19 484 12 82 10 662 7 308 20 620 17 214 3 958 7 446 14 843 9 450 10 306 4 691 12 14 6 
8 483 12 485 10 114 4 870 10 251 18 280 17 258 17 899 15 
9 484 10 486 10 65 3 473 20 714 1 457 11 489 1 996 15 20 10 
11 485 10 487 8 683 4 301 11 731 15 126 10 38 4 142 5 307 2 263 10 375 2 
13 486 8 488 9 364 6 975 7 400 10 45 7 243 1 845 10 943 20 132 7 215 6 50 15 556 7 
13 487 9 489 13 650 16 342 1 90 12 211 18 96 19 727 8 94 3 325 20 793 5 404 12 409 20 
8 488 13 490 16 463 8 614 17 583 5 751 13 736 7 485 1 
11 489 16 491 4 0 4 288 5 726 8 908 18 538 13 465 13 220 3 571 18 849 12 
8 490 4 492 5 11 3 688 12 48 11 369 9 296 4 299 1 
12 491 5 493 10 75 13 378 8 308 15 357 13 138 6 792 18 420 10 687 4 636 6 523 17 
6 492 10 494 11 173 14 686 5 438 6 458 19 
9 493 11 495 3 306 20 409 1 108 6 230 1 13 14 938 2 530 1 
13 494 3 496 1 382 16 634 2 52 16 500 18 542 6 723 6 675 15 297 7 165 14 890 12 30 9 
6 495 1 497 2 114 6 361 12 906 19 87 12 
18 496 2 498 10 674 18 990 15 978 12 697 19 601 20 404 5 907 10 209 1 652 5 514 10 326 12 449 15 687 4 675 6 450 12 901 9 
7 497 10 499 7 196 19 293 17 248 17 160 15 520 7 
11 498 7 500 13 297 7 969 6 942 18 677 12 603 6 8 4 125 18 718 3 955 10 
11 499 13 501 2 703 13 716 4 495 18 313 10 286 2 16 12 614 17 587 20 844 3 
10 500 2 502 3 422 5 147 4 402 12 137 4 93 18 174 12 856 14 299 12 
10 501 3 503 1 631 7 508 8 739 1 158 19 736 11 513 14 88 13 504 20 
9 502 1 504 18 65 4 567 19 184 17 53 19 401 18 47 13 570 7 
12 503 18 505 4 104 9 821 18 529 13 568 5 50 2 704 19 812 15 853 9 502 20 679 16 
14 504 4 506 2 8 20 991 13 829 9 976 11 635 1 666 10 746 1 935 5 948 13 298 8 64 2 800 15 
8 505 2 507 2 183 6 471 13 622 19 149 18 582 7 475 13 
12 506 2 508 10 119 5 298 3 305 8 144 3 888 12 22 9 401 18 227 1 271 18 447 7 
12 507 10 509 11 502 8 902 1 424 17 398 19 983 20 260 18 687 10 553 17 631 7 736 14 
11 508 11 510 6 546 7 717 13 696 5 777 10 636 5 953 5 968 14 185 3 130 13 
5 509 6 511 17 733 19 864 5 963 5 
11 510 17 512 8 216 5 250 5 82 7 450 3 459 14 139 3 651 2 571 5 836 9 
6 511 8 513 18 900 1 317 3 558 3 787 5 
13 512 18 514 15 199 14 252 18 69 7 636 8 375 19 905 4 3 14 50 8 502 14 712 10 152 16 
13 513 15 515 11 296 6 288 9 110 10 497 10 958 1 410 16 942 1 458 16 905 3 831 5 445 20 
10 514 11 516 7 630 14 965 7 987 15 457 8 680 10 378 18 647 5 811 1 
9 515 7 517 5 231 3 988 6 395 18 618 18 355 18 765 12 755 14 
11 516 5 518 18 674 1 417 7 289 11 272 18 793 18 976 17 952 2 847 2 764 12 
8 517 18 519 15 409 12 725 19 730 13 453 6 222 13 172 4 
9 518 15 520 9 634 11 5 20 27 20 321 15 597 7 730 11 711 4 
13 519 9 521 6 22 8 599 19 399 6 395 14 451 18 4 2 608 17 673 18 58 16 905 10 498 7 
8 520 6 522 19 940 14 20 5 548 12 726 20 977 20 89 1 
16 521 19 523 13 467 8 113 7 163 16 984 3 472 12 448 13 567 18 81 5 894 17 450 5 196 2 408 17 678 5 348 5 
12 522 13 524 7 532 20 131 9 899 12 407 19 127 15 747 8 111 8 492 17 427 17 573 2 
9 523 7 525 1 680 6 699 12 239 4 257 13 940 15 827 13 77 15 
11 524 1 526 7 333 16 857 12 401 7 689 16 782 8 133 2 935 3 130 12 543 15 
10 525 7 527 7 982 4 96 18 404 10 215 20 421 19 261 5 64 20 308 18 
10 526 7 528 15 446 4 127 19 817 2 652 16 452 16 45 7 279 2 151 19 
10 527 15 529 17 545 12 14 18 605 13 225 6 742 5 159 6 74 11 174 19 
10 528 17 530 13 854 15 504 13 181 10 896 11 882 6 385 3 856 17 320 17 
10 529 13 531 19 747 14 250 9 435 14 784 6 951 13 861 12 118 5 494 1 
5 530 19 532 10 323 4 0 7 172 19 
8 531 10 533 7 523 20 476 1 55 7 435 6 378 18 358 19 
8 532 7 534 11 606 1 53 14 587 2 944 9 832 12 689 11 
10 533 11 535 8 603 12 100 7 625 15 368 1 843 6 20 5 798 20 184 12 
12 534 8 536 11 166 1 792 20 482 13 413 15 638 8 74 18 544 20 292 8 251 8 547 1 
11 535 11 537 12 354 4 591 6 870 13 168 5 230 14 617 15 685 1 551 1 593 1 
10 536 12 538 1 752 20 270 1 816 17 340 20 993 13 109 11 650 5 757 5 
11 537 1 539 12 225 18 854 12 78 10 367 5 459 12 490 13 164 6 821 18 799 7 
10 538 12 540 14 481 20 20 1 224 10 145 13 360 20 86 10 299 8 591 6 
9 539 14 541 18 660 3 954 17 671 3 171 2 678 7 43 15 257 2 
7 540 18 542 8 982 13 792 18 147 4 950 1 879 14 
11 541 8 543 13 187 15 303 12 465 7 495 6 320 8 186 18 392 18 640 17 681 13 
14 542 13 544 7 341 17 446 13 885 3 981 5 591 13 137 19 124 6 883 13 15 19 259 3 95 2 525 15 
7 543 7 545 15 946 7 2 16 252 5 109 4 535 20 
5 544 15 546 16 528 12 580 18 90 14 
10 545 16 547 13 509 7 856 11 926 10 695 18 823 20 730 12 308 13 419 10 
12 546 13 548 11 249 14 231 12 785 6 277 13 94 15 448 20 173 14 41 4 956 8 535 1 
13 547 11 549 13 965 15 930 20 128 14 275 20 551 8 861 10 521 12 867 9 815 11 90 9 229 3 
10 548 13 550 20 69 8 651 15 829 16 29 20 711 17 671 15 696 4 1 10 
7 549 20 551 11 154 14 14 13 201 7 960 12 109 12 
11 550 11 552 10 928 11 548 8 340 13 792 5 189 18 77 13 482 11 43 12 536 1 
11 551 10 553 10 159 10 216 7 871 1 887 20 438 6 212 5 72 3 173 5 656 7 
13 552 10 554 15 847 16 605 7 932 14 80 15 10 8 375 4 827 18 620 12 508 17 968 4 810 3 
11 553 15 555 16 467 9 805 14 86 9 144 19 773 20 77 19 665 7 600 20 0 9 
8 554 16 556 2 279 7 367 7 331 17 63 11 933 1 951 10 
11 555 2 557 1 634 16 884 10 169 18 787 4 964 19 702 8 86 4 394 5 487 7 
10 556 1 558 14 942 14 953 16 229 8 336 7 583 3 629 19 49 9 870 5 
13 557 14 559 8 137 14 440 4 769 6 419 1 424 17 461 20 512 3 327 8 681 2 52 5 76 2 
14 558 8 560 9 591 17 607 18 996 7 975 2 907 9 933 19 966 16 358 6 642 6 921 4 219 20 715 4 
8 559 9 561 19 299 14 852 20 280 3 956 5 194 13 800 18 
8 560 19 562 7 430 5 347 17 54 12 212 12 198 4 792 19 
18 561 7 563 11 96 18 372 18 187 15 107 6 319 15 880 12 983 11 761 15 106 8 157 6 881 6 614 1 585 19 463 10 361 4 719 20 
10 562 11 564 5 850 18 305 3 966 12 822 1 747 11 208 15 240 17 295 18 
8 563 5 565 17 614 11 235 19 921 3 582 12 377 14 129 20 
15 564 17 566 18 858 9 298 6 390 4 336 15 926 7 416 11 851 12 102 18 588 17 733 2 320 9 917 15 929 10 
5 565 18 567 7 392 7 431 1 881 17 
15 566 7 568 1 503 19 617 17 5 16 788 4 942 3 18 12 522 18 768 19 599 2 863 3 939 6 598 4 241 15 
10 567 1 569 10 99 6 64 6 803 1 817 14 838 12 504 5 949 18 158 1 
12 568 10 570 18 181 14 378 12 166 9 74 13 593 10 194 11 93 10 0 11 779 8 198 1 
10 569 18 571 6 457 19 692 7 849 3 43 18 623 20 503 7 812 5 352 16 
14 570 6 572 20 205 15 893 9 112 20 938 8 351 7 671 11 741 18 199 19 511 5 490 18 961 16 773 14 
7 571 20 573 18 652 6 160 2 59 8 670 2 664 12 
8 572 18 574 19 619 8 11 10 238 2 327 17 760 15 523 2 
10 573 19 575 6 128 5 665 4 159 1 312 11 753 1 626 4 757 3 741 16 
13 574 6 576 4 914 2 464 2 425 1 763 11 757 6 702 14 701 17 357 7 401 13 782 17 759 10 
8 575 4 577 14 771 16 586 5 188 20 652 9 79 6 579 8 
11 576 14 578 19 866 13 601 17 45 8 823 15 716 16 889 5 821 7 613 12 221 6 
16 577 19 579 14 230 20 738 9 473 1 168 18 894 6 293 15 757 7 304 4 183 18 328 12 781 17 627 19 614 11 127 17 
9 578 14 580 18 609 18 442 7 676 8 200 20 90 5 951 15 576 8 
11 579 18 581 10 693 18 321 3 604 5 35 1 24 8 818 20 302 4 545 18 913 3 
11 580 10 582 4 941 3 815 15 962 1 432 6 313 17 294 18 37 2 692 5 946 4 
8 581 4 583 8 850 15 270 2 376 2 170 14 564 12 506 7 
18 582 8 584 19 287 16 31 9 712 7 189 4 446 15 930 20 489 5 754 7 474 16 557 3 599 17 467 20 75 7 856 13 173 17 698 1 
13 583 19 585 18 643 19 724 7 3 13 901 1 612 10 831 4 635 15 740 6 986 17 684 7 662 20 
8 584 18 586 15 355 7 836 7 918 8 205 10 154 9 562 19 
10 585 15 587 12 793 7 986 4 94 6 576 5 621 13 590 20 311 19 941 6 
7 586 12 588 10 624 1 907 14 533 2 939 3 500 20 
9 587 10 589 1 143 7 805 5 979 4 903 14 565 17 44 4 846 20 
10 588 1 590 20 256 12 454 20 777 6 809 19 888 13 191 3 895 11 24 16 
10 589 20 591 19 666 10 385 11 596 8 801 19 892 16 425 4 770 9 586 20 
15 590 19 592 19 198 18 559 17 536 6 543 13 470 15 619 19 182 3 167 14 399 5 539 6 433 2 891 3 306 19 
6 591 19 593 6 81 5 253 7 462 11 443 6 
11 592 6 594 9 946 17 714 8 618 18 569 10 754 8 955 20 933 18 333 19 536 1 
13 593 9 595 15 468 3 438 11 284 6 785 2 728 10 313 7 318 11 907 18 733 15 385 2 121 7 
11 594 15 596 14 296 16 85 1 450 11 821 2 885 7 470 1 91 10 195 3 985 8 
7 595 14 597 18 590 8 272 14 786 10 421 1 888 14 
11 596 18 598 2 202 18 21 1 906 12 967 18 371 4 931 13 519 7 420 11 91 3 
11 597 2 599 14 987 18 259 15 766 16 872 16 690 5 50 7 567 4 308 3 382 17 
7 598 14 600 19 520 19 164 4 567 2 583 17 212 2 
11 599 19 601 11 13 14 155 16 479 15 182 7 800 2 81 14 554 20 884 14 226 9 
10 600 11 602 20 694 4 497 20 981 12 577 17 21 18 410 11 696 12 11 8 
11 601 20 603 18 280 18 315 16 11 2 934 10 679 14 710 20 677 15 67 13 800 2 
8 602 18 604 20 534 12 825 14 381 10 499 6 140 14 895 11 
8 603 20 605 10 580 5 407 3 715 12 276 1 352 17 952 13 
12 604 10 606 4 246 7 612 20 395 12 528 13 553 7 930 17 691 19 468 12 701 1 259 15 
11 605 4 607 3 37 4 156 20 533 1 91 18 167 11 316 8 755 17 4 6 727 20 
17 606 3 608 15 95 1 559 18 319 11 204 7 768 7 360 11 327 18 357 2 654 8 433 9 398 6 97 2 266 8 649 14 629 3 
11 607 15 609 14 448 20 705 4 838 4 615 5 871 19 242 3 520 17 742 3 952 17 
13 608 14 610 8 459 17 119 4 698 4 579 18 134 15 433 5 738 14 828 17 79 9 968 19 762 2 
8 609 8 611 12 81 14 701 18 205 3 632 14 163 9 324 7 
5 610 12 612 3 313 19 254 1 446 19 
12 611 3 613 3 458 4 605 20 584 10 739 20 624 20 117 17 313 6 126 20 252 13 940 16 
13 612 3 614 11 690 2 858 13 428 16 369 15 44 14 660 2 41 2 465 11 577 12 310 13 312 4 
16 613 11 615 13 346 1 564 11 950 11 810 20 201 1 489 17 416 7 994 6 718 7 578 11 562 1 262 7 500 17 193 17 
10 614 13 616 12 157 3 608 5 376 18 895 20 776 16 676 6 976 17 161 13 
11 615 12 617 18 635 1 417 16 901 1 205 16 198 10 385 7 425 6 62 1 157 8 
10 616 18 618 16 239 12 59 1 567 17 363 4 536 15 728 20 355 1 279 8 
15 617 16 619 2 815 18 380 18 593 18 73 19 516 18 970 16 212 8 387 3 689 9 875 14 161 8 809 9 718 14 
9 618 2 620 18 573 8 90 14 766 2 297 5 591 19 306 19 969 4 
13 619 18 621 15 767 20 483 17 222 2 982 1 889 12 138 9 108 18 722 7 808 5 553 12 157 7 
8 620 15 622 12 688 10 172 2 50 15 586 13 438 11 669 9 
10 621 12 623 8 396 8 66 19 995 2 52 5 506 19 296 13 837 7 864 8 
10 622 8 624 12 380 1 318 20 685 11 459 17 188 13 261 19 570 20 208 14 
11 623 12 625 12 587 1 797 8 972 19 937 6 207 9 884 3 612 20 227 12 478 18 
12 624 12 626 2 534 15 667 1 248 6 141 18 114 14 327 18 929 9 808 11 766 13 715 14 
13 625 2 627 18 238 9 56 17 364 1 250 9 58 3 420 3 574 4 457 17 633 1 254 4 308 12 
7 626 18 628 1 39 1 695 14 578 19 975 1 332 10 
5 627 1 629 15 676 6 820 13 290 2 
16 628 15 630 11 437 11 319 15 353 1 826 5 948 4 29 19 164 16 951 12 847 15 557 19 28 20 925 1 607 3 810 1 
9 629 11 631 19 515 14 199 17 759 8 201 7 146 11 914 12 464 8 
8 630 19 632 6 502 7 15 13 424 12 129 10 187 18 508 7 
8 631 6 633 2 902 5 250 18 610 14 49 9 817 10 855 3 
14 632 2 634 17 478 1 219 5 139 1 926 16 446 19 179 12 194 19 626 1 441 13 363 14 294 1 815 20 
9 633 17 635 17 519 11 971 17 400 2 495 2 194 1 556 16 432 13 
10 634 17 636 3 616 1 367 15 505 1 680 10 802 19 584 15 973 6 205 15 
11 635 3 637 12 513 8 12 12 190 19 886 20 509 5 960 7 492 6 419 4 240 12 
4 636 12 638 20 721 12 771 20 
9 637 20 639 17 316 6 121 3 471 10 462 4 98 9 987 19 535 8 
12 638 17 640 5 980 3 172 13 902 9 133 14 67 9 10 4 815 9 215 19 769 16 708 10 
10 639 5 641 19 652 16 290 19 829 11 304 8 384 5 285 4 229 19 542 17 
8 640 19 642 1 123 14 206 7 663 10 318 1 98 12 684 3 
10 641 1 643 19 371 15 670 7 559 6 894 11 751 6 82 18 425 18 974 13 
8 642 19 644 2 584 19 143 12 246 15 998 11 116 9 204 9 
5 643 2 645 11 444 11 994 15 933 9 
9 644 11 646 3 925 11 789 11 435 14 189 9 337 11 270 7 864 5 
6 645 3 647 13 944 16 42 1 728 14 107 18 
8 646 13 648 20 343 6 938 8 435 16 468 3 392 12 515 5 
8 647 20 649 18 47 13 677 13 771 18 210 5 325 17 24 18 
8 648 18 650 6 14 9 111 3 607 14 289 4 171 9 28 11 
7 649 6 651 17 488 16 149 7 274 13 537 5 672 12 
10 650 17 652 5 235 19 13 3 549 15 352 14 511 2 18 2 910 4 455 9 
11 651 5 653 17 640 16 572 6 222 7 783 20 497 5 527 16 576 9 654 5 980 6 
11 652 17 654 4 320 1 936 13 179 4 935 10 775 5 251 20 713 6 800 12 993 7 
11 653 4 655 8 329 6 664 7 209 13 607 8 235 15 652 5 122 8 854 20 927 18 
12 654 8 656 20 285 15 883 13 382 9 263 10 82 15 53 6 805 14 36 17 281 2 255 16 
11 655 20 657 18 23 19 158 3 704 14 902 8 480 16 859 2 115 15 464 6 552 7 
9 656 18 658 5 810 10 918 13 726 14 193 9 707 14 715 11 820 7 
6 657 5 659 20 864 8 976 15 355 9 170 12 
9 658 20 660 12 441 17 174 15 793 6 19 17 760 3 304 12 460 18 
9 659 12 661 8 540 3 258 14 613 2 320 1 798 10 177 12 772 11 
6 660 8 662 11 346 18 8 5 354 11 156 4 
10 661 11 663 17 247 5 483 7 752 10 926 10 17 12 114 14 750 7 584 20 
11 662 17 664 1 305 8 846 18 968 11 108 4 836 19 641 10 189 5 784 1 393 10 
12 663 1 665 19 654 7 85 17 755 16 985 18 313 6 32 15 430 20 572 12 317 4 141 8 
10 664 19 666 6 574 4 98 5 371 18 475 18 390 3 979 6 554 7 73 5 
14 665 6 667 4 308 20 253 14 590 10 941 18 505 10 41 5 454 20 254 4 465 15 884 12 736 13 947 5 
10 666 4 668 10 89 17 625 1 238 17 830 7 84 4 284 6 880 1 203 7 
9 667 10 669 5 0 7 25 20 873 10 258 10 916 1 44 14 825 4 
12 668 5 670 12 906 3 315 10 308 7 671 1 843 13 168 8 105 6 452 1 795 6 621 9 
12 669 12 671 6 114 18 924 1 818 18 572 2 642 7 241 6 971 6 95 2 44 19 988 12 
11 670 6 672 15 473 6 51 7 669 1 431 17 571 11 379 1 540 3 549 15 396 2 
9 671 15 673 12 719 6 15 5 178 14 787 14 650 12 744 4 900 13 
8 672 12 674 16 402 2 192 13 678 20 520 18 839 13 975 18 
12 673 16 675 16 517 1 497 18 115 4 208 8 959 2 735 3 232 7 234 3 332 2 44 3 
7 674 16 676 15 495 15 480 10 801 10 497 6 867 8 
14 675 15 677 10 724 5 756 9 628 6 241 1 431 8 579 8 615 6 240 11 359 18 63 16 59 5 112 20 
9 676 10 678 9 499 12 648 13 880 8 206 16 765 7 602 15 408 6 
16 677 9 679 14 950 9 443 12 188 7 134 8 418 5 349 14 540 7 673 20 127 2 733 2 336 18 768 1 522 5 980 13 
11 678 14 680 19 276 9 334 7 383 3 69 3 602 14 410 5 971 20 278 7 504 16 
11 679 19 681 6 159 7 524 6 515 10 177 11 635 10 731 2 760 1 829 19 89 9 
10 680 6 682 3 762 14 122 12 867 18 986 15 558 2 989 9 478 2 542 13 
6 681 3 683 3 206 3 461 3 39 17 936 15 
7 682 3 684 3 486 4 441 10 916 6 966 17 159 15 
10 683 3 685 18 30 10 924 12 436 1 67 8 51 14 641 3 584 7 74 3 
6 684 18 686 11 50 5 623 11 759 4 536 1 
6 685 11 687 14 699 10 493 5 982 20 694 4 
9 686 14 688 15 418 4 712 14 267 7 497 4 406 2 492 4 508 10 
11 687 15 689 7 144 17 430 12 83 8 621 10 184 3 57 3 491 12 833 9 87 18 
10 688 7 690 14 205 14 73 10 691 14 525 16 618 9 842 9 993 12 533 11 
14 689 14 691 7 613 2 162 11 313 11 164 20 362 20 217 10 116 10 378 15 598 5 810 12 213 14 695 13 
12 690 7 692 14 106 12 689 14 937 5 605 19 3 14 857 2 846 18 483 12 713 8 383 1 
12 691 14 693 4 327 19 977 15 927 9 838 5 836 11 130 9 570 7 581 5 813 1 923 17 
13 692 4 694 15 197 9 580 18 11 14 995 14 730 14 340 1 432 8 403 8 704 10 137 2 87 10 
11 693 15 695 15 198 6 454 4 601 4 988 8 330 8 971 10 716 1 873 14 686 4 
11 694 15 696 14 263 12 3 19 132 2 546 18 627 14 384 7 184 14 137 11 690 13 
12 695 14 697 20 400 5 801 10 118 3 806 13 509 5 133 7 549 4 130 17 601 12 428 12 
7 696 20 698 18 497 19 352 5 777 19 103 3 756 12 
10 697 18 699 3 760 17 208 8 609 4 734 4 112 15 312 7 204 12 583 1 
10 698 3 700 16 899 20 524 12 686 10 272 19 882 12 285 15 317 12 363 18 
6 699 16 701 9 278 1 272 8 169 1 227 3 
9 700 9 702 20 610 18 779 6 395 7 280 14 575 17 605 1 476 10 
6 701 20 703 11 205 10 370 12 556 8 575 14 
10 702 11 704 13 57 7 500 13 746 17 727 3 75 14 244 11 464 13 773 18 
15 703 13 705 15 444 7 333 7 656 14 319 13 474 1 504 19 44 20 441 14 693 10 357 18 470 15 982 16 224 19 
6 704 15 706 18 608 4 814 5 832 6 407 10 
11 705 18 707 7 140 1 731 19 7 17 135 4 317 15 730 6 747 7 772 13 394 3 
10 706 7 708 16 283 2 793 7 657 14 282 19 738 11 891 2 742 18 810 1 
7 707 16 709 18 33 14 996 12 896 1 332 10 639 10 
9 708 18 710 12 478 10 87 17 867 1 235 8 183 13 16 1 856 2 
10 709 12 711 14 839 10 220 16 882 1 374 9 264 9 602 20 104 11 404 17 
10 710 14 712 4 119 10 428 14 298 1 549 17 952 2 519 4 334 16 152 16 
12 711 4 713 14 583 7 687 14 377 14 270 1 952 6 219 11 513 10 895 3 935 20 856 1 
8 712 14 714 9 160 1 852 18 880 14 653 6 189 13 691 8 
5 713 9 715 6 593 8 485 1 57 6 
15 714 6 716 12 415 12 287 20 945 20 836 10 604 12 414 3 239 20 841 14 657 11 625 14 473 8 937 4 559 4 
9 715 12 717 11 203 16 500 4 295 18 694 1 462 6 276 7 577 16 
10 716 11 718 19 409 11 63 9 509 13 365 1 86 15 58 2 90 20 380 7 
11 717 19 719 18 763 17 183 17 952 15 356 20 905 15 614 7 473 14 499 3 618 14 
8 718 18 720 17 672 6 58 11 250 19 909 6 820 9 562 20 
4 719 17 721 4 958 20 941 3 
11 720 4 722 16 175 13 637 12 756 3 12 18 844 7 769 8 890 14 452 13 434 11 
9 721 16 723 11 987 5 468 18 8 11 264 1 969 15 859 18 620 7 
8 722 11 724 19 268 18 892 9 495 6 325 1 230 1 777 18 
12 723 19 725 11 4 9 110 9 897 15 328 17 584 7 676 5 808 19 13 10 828 10 776 12 
8 724 11 726 5 75 8 359 9 518 19 70 3 853 20 247 5 
14 725 5 727 12 131 14 377 17 95 16 657 14 490 8 171 3 428 4 963 13 521 20 977 4 256 17 261 19 
15 726 12 728 2 339 10 206 1 971 19 890 12 733 20 703 3 488 8 303 4 972 12 335 9 433 19 606 20 864 3 
11 727 2 729 14 594 10 740 3 956 6 53 4 993 9 368 16 617 20 55 16 646 14 
9 728 14 730 6 324 8 369 20 849 12 336 4 56 6 286 13 409 13 
12 729 6 731 10 53 20 953 16 166 10 359 7 706 6 693 14 518 13 546 12 878 12 519 11 
11 730 10 732 14 706 19 486 15 844 12 680 2 799 17 249 5 840 8 238 15 812 4 
9 731 14 733 5 202 11 140 19 247 20 441 10 748 12 923 12 781 4 
14 732 5 734 12 510 19 350 11 150 18 260 2 727 20 245 13 184 1 168 11 678 2 565 2 594 15 773 20 
8 733 12 735 6 836 8 770 6 698 4 832 19 448 6 146 7 
9 734 6 736 11 376 8 286 12 947 16 270 3 117 12 674 3 58 17 
13 735 11 737 9 962 3 502 11 337 19 482 8 900 6 489 7 930 2 104 7 666 13 384 4 508 14 
4 736 9 738 4 102 10 198 13 
11 737 4 739 6 578 9 930 20 186 7 342 4 609 14 221 11 707 11 876 19 396 9 
10 738 6 740 7 502 1 879 7 817 4 16 7 969 13 612 20 214 11 271 1 
6 739 7 741 16 481 18 728 3 584 6 213 2 
8 740 16 742 20 411 16 571 18 133 3 574 16 954 15 437 16 
9 741 20 743 10 107 8 250 1 435 18 528 5 873 6 608 3 707 18 
6 742 10 744 1 814 2 393 19 400 15 33 14 
8 743 1 745 8 423 11 149 16 409 8 36 2 980 4 672 4 
6 744 8 746 7 388 11 139 11 967 18 319 5 
8 745 7 747 4 703 17 938 18 796 6 505 1 87 19 105 5 
13 746 4 748 18 530 14 814 14 390 15 563 11 929 13 288 20 866 6 706 7 523 8 7 5 939 19 
9 747 18 749 17 444 16 420 8 382 14 750 16 843 12 732 12 155 9 
7 748 17 750 2 876 9 342 20 934 3 289 19 302 17 
6 749 2 751 6 941 1 662 7 748 16 252 4 
8 750 6 752 1 230 15 850 14 461 6 489 13 642 6 55 12 
9 751 1 753 17 537 20 916 6 662 10 214 7 902 20 7 9 328 15 
8 752 17 754 16 12 12 912 8 574 1 442 2 93 3 207 9 
6 753 16 755 11 187 7 593 8 583 7 420 10 
12 754 11 756 19 175 20 857 16 664 16 396 20 195 12 88 8 606 17 968 4 371 3 516 14 
8 755 19 757 12 676 9 721 3 852 12 433 9 697 12 435 3 
15 756 12 758 3 101 13 957 15 578 7 575 6 574 3 851 12 537 5 792 15 159 3 364 6 974 12 878 4 186 1 
10 757 3 759 13 349 10 134 20 952 1 248 13 896 11 19 13 479 7 787 12 
11 758 13 760 17 379 11 630 8 76 2 907 4 839 10 685 4 371 18 575 10 310 12 
12 759 17 761 20 698 17 351 12 128 2 680 1 659 3 20 16 374 9 935 5 573 15 248 12 
11 760 20 762 2 16 16 284 12 562 15 161 6 271 11 404 17 196 17 72 6 922 12 
14 761 2 763 11 178 7 268 10 924 1 681 14 837 9 15 11 817 20 109 7 73 17 334 20 829 11 609 2 
6 762 11 764 5 718 17 952 7 575 11 104 12 
8 763 5 765 13 869 14 880 3 122 8 116 9 186 12 517 12 
7 764 13 766 8 516 12 677 7 47 7 56 3 430 4 
14 765 8 767 15 193 2 619 2 598 16 303 10 831 1 405 11 625 13 458 12 23 1 53 12 394 7 393 3 
11 766 15 768 1 620 20 210 8 831 18 34 11 197 7 374 2 971 9 363 19 277 1 
11 767 1 769 4 882 2 607 7 868 1 298 9 158 20 567 19 831 11 133 10 678 1 
7 768 4 770 13 558 6 721 8 281 4 375 18 639 16 
6 769 13 771 19 734 6 198 20 946 7 590 9 
10 770 19 772 11 576 16 160 12 193 20 648 18 637 20 798 19 419 18 961 9 
9 771 11 773 4 99 4 50 14 926 13 6 18 706 13 237 10 660 11 
10 772 4 774 8 466 16 259 18 85 13 280 7 554 20 703 18 733 20 571 14 
7 773 8 775 11 357 10 352 16 458 18 344 14 195 6 
7 774 11 776 11 921 9 653 5 357 15 115 14 318 1 
5 775 11 777 14 460 18 724 12 615 16 
17 776 14 778 15 298 12 104 3 589 6 92 20 271 17 814 3 479 4 429 14 509 10 23 12 697 19 40 18 723 18 58 16 196 14 
5 777 15 779 20 920 16 14 8 863 2 
11 778 20 780 3 267 10 843 8 701 6 259 17 832 5 159 2 569 8 926 18 104 10 
10 779 3 781 8 116 16 891 14 838 17 427 2 337 11 371 2 362 15 849 14 
8 780 8 782 5 836 13 889 17 985 16 81 15 578 17 732 4 
11 781 5 783 3 238 4 841 16 813 18 423 19 284 2 525 8 356 7 210 16 575 17 
10 782 3 784 16 350 16 652 20 102 7 279 3 360 15 76 1 952 10 304 7 
9 783 16 785 13 216 9 792 3 663 1 530 6 813 2 798 12 900 12 
9 784 13 786 5 941 13 11 5 594 2 400 9 547 6 35 2 80 11 
7 785 5 787 15 366 1 459 20 802 8 596 10 34 12 
10 786 15 788 4 982 4 861 11 556 4 301 16 758 12 672 14 863 18 512 5 
11 787 4 789 19 242 8 567 4 46 3 243 6 473 5 199 5 56 1 464 2 413 18 
10 788 19 790 7 155 9 187 18 645 11 17 9 251 14 465 15 72 2 211 5 
13 789 7 791 1 3 18 132 20 54 11 803 12 106 20 127 12 389 11 27 12 156 8 914 8 226 19 
5 790 1 792 19 134 8 442 13 214 10 
12 791 19 793 20 919 1 541 18 982 19 784 3 492 18 535 20 551 5 757 15 294 15 561 19 
11 792 20 794 3 586 7 707 7 659 6 989 20 517 18 890 10 13 16 488 5 43 16 
6 793 3 795 3 212 9 796 12 421 11 137 12 
7 794 3 796 4 125 13 65 1 395 11 669 6 294 3 
7 795 4 797 2 40 7 268 9 746 6 794 12 970 18 
11 796 2 798 9 813 4 624 8 315 11 154 19 838 10 455 8 942 8 174 3 306 12 
10 797 9 799 4 836 9 811 18 965 7 660 10 351 8 784 12 534 20 771 19 
9 798 4 800 5 322 1 164 7 731 17 295 10 59 16 538 7 964 16 
13 799 5 801 13 92 12 894 19 806 19 376 12 884 12 600 2 653 12 560 18 89 2 505 15 602 2 
9 800 13 802 3 696 10 868 3 590 19 26 9 182 10 675 10 347 4 
11 801 3 803 15 325 5 245 2 334 11 228 16 786 8 635 19 85 12 294 7 890 2 
9 802 15 804 16 568 1 221 10 790 12 277 11 464 6 47 12 460 17 
5 803 16 805 2 49 15 102 15 279 7 
13 804 2 806 18 138 2 899 7 149 13 29 5 554 14 588 5 444 9 655 14 65 5 297 19 848 8 
8 805 18 807 6 198 15 136 12 696 13 374 12 800 19 220 9 
8 806 6 808 8 120 1 57 11 318 5 975 4 355 1 379 12 
13 807 8 809 12 953 12 95 18 724 19 862 15 18 5 625 11 215 9 354 3 839 19 835 10 620 5 
7 808 12 810 17 589 19 299 3 203 3 116 8 618 9 
12 809 17 811 10 171 10 657 10 614 20 971 3 413 3 690 12 707 1 336 11 629 1 553 3 
12 810 10 812 19 798 18 323 19 147 7 477 6 458 5 189 12 925 3 515 1 917 18 227 8 
11 811 19 813 2 167 2 366 1 504 15 25 4 255 18 391 13 731 4 570 5 13 15 
12 812 2 814 4 797 4 945 3 782 18 249 5 863 13 916 15 692 1 784 2 170 8 479 15 
13 813 4 815 14 747 14 743 2 11 14 187 9 148 14 983 3 705 5 319 8 777 3 343 7 377 13 
11 814 14 816 14 618 18 581 15 57 9 895 20 44 16 548 11 246 6 633 20 639 9 
10 815 14 817 8 395 10 294 4 537 17 30 15 296 10 908 7 942 8 423 2 
15 816 8 818 20 887 3 466 6 853 7 260 17 102 18 568 14 739 4 527 2 422 19 762 20 264 5 479 15 632 10 
10 817 20 819 9 118 16 431 10 670 18 212 10 986 18 580 20 436 2 895 7 
5 818 9 820 7 857 17 55 17 420 4 
15 819 7 821 18 178 10 338 12 834 8 315 10 282 4 180 10 952 11 327 16 657 7 719 9 628 13 24 16 247 1 
13 820 18 822 1 504 18 186 5 196 12 243 8 45 17 595 2 351 9 577 7 398 2 538 18 888 1 
10 821 1 823 5 369 13 481 6 563 1 111 13 329 14 418 8 90 10 238 10 
8 822 5 824 9 901 7 866 8 577 15 546 20 156 10 973 11 
7 823 9 825 15 109 7 311 3 410 3 4 14 864 3 
10 824 15 826 19 603 14 265 9 7 1 10 18 228 17 668 4 91 4 328 7 
9 825 19 827 12 993 9 370 4 629 5 431 11 26 16 123 7 247 8 
11 826 12 828 17 408 15 15 20 878 17 198 1 178 20 524 13 553 18 443 16 78 19 
8 827 17 829 19 980 3 912 8 402 1 724 10 609 17 178 11 
13 828 19 830 16 505 9 264 11 347 3 640 11 549 16 127 19 272 13 680 19 860 1 334 5 762 11 
12 829 16 831 13 199 17 218 4 436 3 400 13 207 7 137 1 849 7 667 7 930 7 477 4 
11 830 13 832 12 197 18 970 14 584 4 766 1 767 18 768 11 398 16 514 5 186 1 
15 831 12 833 10 364 4 376 10 887 8 705 6 322 17 954 12 734 19 779 5 217 19 988 11 245 12 533 12 434 18 
8 832 10 834 20 939 17 859 5 210 14 202 9 291 1 688 9 
7 833 20 835 7 974 10 940 20 820 8 215 20 98 5 
8 834 7 836 11 119 19 419 12 896 8 470 20 49 12 808 10 
16 835 11 837 17 781 13 798 9 585 7 953 5 734 8 383 1 715 10 153 16 399 1 692 11 663 19 147 9 186 16 511 9 
8 836 17 838 5 408 14 246 19 762 9 978 19 622 7 222 16 
12 837 5 839 10 608 4 22 18 936 7 986 18 692 5 568 12 797 10 780 17 897 11 257 15 
16 838 10 840 20 710 10 910 10 172 17 903 12 281 8 278 20 759 10 465 8 896 5 351 18 129 19 808 19 179 8 673 13 
9 839 20 841 1 857 16 27 9 319 3 144 5 175 2 731 8 426 15 
8 840 1 842 19 782 16 896 2 428 12 715 14 5 10 378 2 
7 841 19 843 10 78 14 472 11 689 9 888 7 418 19 
14 842 10 844 14 204 5 943 19 779 8 845 1 669 13 534 6 483 9 426 18 251 19 748 12 78 18 33 7 
9 843 14 845 2 302 3 731 12 50 8 721 7 468 8 146 18 500 3 
11 844 2 846 15 891 2 332 14 305 1 843 1 131 13 328 15 487 10 94 6 42 2 
15 845 15 847 19 859 18 663 18 467 18 884 6 975 12 482 1 691 18 588 20 216 15 981 18 927 8 261 13 466 10 
9 846 19 848 10 470 4 553 16 107 6 629 15 88 2 517 2 36 4 
11 847 10 849 7 868 2 154 20 164 9 925 20 222 20 460 8 852 14 991 6 805 8 
14 848 7 850 8 995 2 275 16 458 5 729 12 882 7 890 7 830 7 570 3 961 4 490 12 242 20 780 14 
10 849 8 851 8 563 18 582 15 751 14 871 5 90 10 264 3 278 12 885 8 
9 850 8 852 4 191 17 234 17 56 10 565 12 904 15 757 12 883 9 
15 851 4 853 8 713 18 560 20 149 2 237 16 848 14 756 12 421 6 264 4 168 5 39 12 51 15 885 8 258 17 
11 852 8 854 12 219 16 407 8 817 7 356 19 476 18 725 20 92 11 35 5 504 9 
7 853 12 855 13 337 20 529 15 538 12 300 19 654 20 
11 854 13 856 3 410 18 916 1 910 17 113 6 311 3 35 10 143 8 632 3 193 5 
17 855 3 857 2 985 4 184 3 968 9 41 19 546 11 1 4 709 2 945 7 583 13 100 5 230 12 529 17 362 19 501 14 712 1 
10 856 2 858 16 525 12 840 16 897 2 755 16 196 15 458 7 819 17 691 2 
7 857 16 859 11 565 9 613 13 225 9 449 17 264 17 
11 858 11 860 20 846 18 833 5 100 12 188 2 25 16 153 8 656 2 722 18 84 6 
9 859 20 861 11 165 17 109 10 105 1 909 8 829 1 310 3 969 3 
10 860 11 862 15 452 18 548 10 953 4 267 1 787 11 530 12 460 20 67 3 
9 861 15 863 11 364 14 396 4 808 15 293 8 321 9 465 20 187 6 
9 862 11 864 12 302 14 813 13 20 5 787 18 567 3 139 4 778 2 
13 863 12 865 14 658 8 510 5 995 20 903 9 824 3 282 19 38 20 622 8 645 5 727 3 9 6 
10 864 14 866 18 136 16 74 12 938 10 450 4 396 13 83 8 318 12 199 14 
8 865 18 867 15 267 20 577 13 823 8 146 19 397 1 747 6 
8 866 15 868 2 380 5 709 1 962 13 548 9 681 18 675 8 
7 867 2 869 2 848 2 801 3 768 1 197 16 970 11 
9 868 2 870 4 764 14 202 4 887 3 988 9 478 12 296 18 107 19 
13 869 4 871 1 4 1 947 8 484 10 536 13 65 13 233 18 451 18 26 6 269 6 557 5 232 12 
13 870 1 872 14 470 17 94 11 981 10 27 19 552 1 87 16 882 8 850 5 608 19 2 16 143 20 
7 871 14 873 3 250 16 310 16 598 16 235 9 474 6 
8 872 3 874 2 694 14 668 10 258 15 476 12 292 3 742 6 
11 873 2 875 8 174 4 58 11 79 11 981 20 81 10 42 9 931 5 980 12 444 3 
12 874 8 876 16 327 18 922 17 961 3 461 19 618 14 155 1 398 4 212 19 208 16 78 4 
9 875 16 877 17 749 9 19 15 251 6 411 4 933 3 67 16 738 19 
5 876 17 878 6 106 14 901 19 258 9 
10 877 6 879 5 905 14 827 17 280 13 262 20 730 12 963 17 994 1 757 4 
8 878 5 880 3 142 7 135 15 179 4 739 7 978 11 541 14 
15 879 3 881 13 330 20 884 14 562 12 764 3 187 3 713 14 677 8 62 20 374 15 667 1 432 11 282 13 430 17 
10 880 13 882 12 307 19 981 5 566 17 30 7 964 13 562 6 73 4 942 12 
11 881 12 883 18 967 10 280 9 768 2 710 1 871 8 699 12 849 7 529 6 29 20 
14 882 18 884 13 104 4 655 13 990 11 279 6 390 20 308 18 166 19 543 13 249 1 851 9 890 3 436 18 
13 883 13 885 15 269 17 880 14 556 10 19 11 291 15 846 6 468 13 624 3 800 12 666 12 600 14 
8 884 15 886 2 543 3 234 7 595 7 852 8 850 8 944 8 
6 885 2 887 7 194 2 76 4 636 20 934 16 
8 886 7 888 16 251 6 817 3 869 3 832 8 480 8 552 20 
11 887 16 889 18 38 7 77 9 931 16 507 12 923 2 589 13 842 7 821 1 596 14 
15 888 18 890 9 922 15 266 7 300 4 781 17 992 10 430 11 50 14 577 5 190 17 357 5 620 12 151 20 393 13 
13 889 9 891 16 727 12 244 19 849 7 226 18 721 14 793 10 802 2 495 12 883 3 421 17 921 5 
7 890 16 892 20 845 2 282 7 780 14 707 2 591 3 
6 891 20 893 3 433 1 145 14 590 16 723 9 
6 892 3 894 18 571 9 943 2 478 8 306 19 
10 893 18 895 4 384 16 578 6 401 8 522 17 800 19 642 11 88 10 997 7 
11 894 4 896 17 44 5 341 18 815 20 615 20 589 11 603 11 712 3 164 14 818 7 
11 895 17 897 15 841 2 758 11 835 8 25 10 529 11 839 5 708 1 43 19 149 10 
11 896 15 898 18 992 1 724 15 857 2 117 1 217 4 838 11 476 9 40 1 479 12 
7 897 18 899 10 148 7 298 11 241 6 343 1 120 10 
8 898 10 900 8 699 20 805 7 523 12 326 9 913 17 484 15 
10 899 8 901 13 192 7 512 1 736 6 119 5 672 13 18 16 784 12 363 10 
11 900 13 902 3 185 18 284 19 616 1 341 3 877 19 823 7 584 1 44 16 497 9 
12 901 3 903 2 908 15 632 5 193 1 405 10 639 9 508 1 656 8 325 7 34 8 752 20 
10 902 2 904 7 864 9 930 17 839 12 949 9 588 14 429 17 25 19 471 18 
7 903 7 905 4 952 18 314 6 405 5 851 15 933 15 
9 904 4 906 1 878 14 332 15 513 4 718 15 520 10 226 3 514 3 
12 905 1 907 3 398 20 960 19 669 3 256 2 351 13 285 2 496 19 597 12 229 14 995 17 
11 906 3 908 12 463 14 587 14 559 9 759 4 497 10 594 18 67 3 941 7 239 18 
10 907 12 909 6 902 15 323 9 269 20 490 18 54 5 166 3 915 14 816 7 
11 908 6 910 7 359 9 48 20 229 20 175 1 860 8 719 6 92 13 39 13 106 19 
11 909 7 911 6 839 10 922 13 855 17 97 13 407 9 260 19 445 4 651 4 267 17 
6 910 6 912 11 481 10 955 8 206 18 22 13 
7 911 11 913 11 264 15 753 8 828 8 316 11 117 15 
4 912 11 914 4 899 17 580 3 
12 913 4 915 15 361 11 41 17 364 4 575 2 312 16 391 6 278 19 630 12 196 7 790 8 
9 914 15 916 17 406 3 100 19 372 1 965 10 908 14 430 6 42 4 
11 915 17 917 17 415 3 752 6 951 12 855 1 84 14 426 2 813 15 668 1 683 6 
8 916 17 918 1 471 10 964 14 951 16 434 12 811 18 565 15 
11 917 1 919 13 657 13 8 7 585 8 370 11 470 16 224 1 308 20 474 5 44 1 
9 918 13 920 6 792 1 76 12 372 8 391 7 990 5 412 20 433 17 
13 919 6 921 9 442 12 371 5 355 20 778 16 319 10 21 9 351 18 264 16 213 14 68 5 369 13 
8 920 9 922 20 775 9 564 3 407 14 279 14 559 4 890 5 
7 921 20 923 6 889 15 875 17 910 13 123 20 761 12 
9 922 6 924 11 143 10 888 2 365 20 481 10 692 17 732 12 135 14 
11 923 11 925 17 670 1 762 1 684 12 219 8 450 4 296 8 153 10 385 7 948 1 
12 924 17 926 1 40 19 645 11 848 20 391 4 102 7 11 2 396 13 629 1 811 3 8 16 
14 925 1 927 19 412 9 662 10 565 7 633 16 546 10 194 3 985 3 772 13 240 5 436 15 114 20 779 18 
9 926 19 928 4 207 6 962 7 692 9 122 8 987 1 846 8 654 18 
10 927 4 929 18 426 11 551 11 230 13 139 5 219 1 967 2 147 1 968 6 
10 928 18 930 9 188 9 232 12 625 9 747 13 0 12 415 4 472 5 565 10 
12 929 9 931 3 219 18 548 20 903 17 583 20 938 8 738 20 424 15 605 17 736 2 830 7 
11 930 3 932 2 948 17 160 4 119 6 463 11 888 16 597 13 221 3 874 5 374 12 
9 931 2 933 11 446 3 418 7 553 14 456 10 237 18 437 6 152 13 
14 932 11 934 16 53 11 559 19 593 18 32 9 451 2 555 1 904 15 876 3 432 10 644 9 207 14 386 5 
5 933 16 935 9 602 10 749 3 886 16 
10 934 9 936 6 248 19 986 5 653 10 505 5 193 9 760 5 525 3 712 20 
7 935 6 937 16 269 19 653 13 838 7 252 10 682 15 
8 936 16 938 11 110 20 968 7 624 6 691 5 364 4 715 4 
11 937 11 939 18 152 4 647 8 746 18 99 14 865 10 930 8 571 8 64 18 494 2 
9 938 18 940 14 126 19 833 17 274 11 289 2 567 6 587 3 747 19 
9 939 14 941 9 521 14 395 20 834 20 48 1 524 15 297 9 612 16 
13 940 9 942 3 785 13 666 18 92 9 581 3 424 5 750 1 110 8 720 3 387 10 907 7 586 6 
11 941 3 943 4 557 14 197 7 567 3 499 18 993 3 816 8 797 8 514 1 881 12 
5 942 4 944 11 843 19 893 2 487 20 
10 943 11 945 18 442 18 646 16 295 8 533 9 352 4 980 10 281 13 885 8 
7 944 18 946 18 108 7 813 3 715 20 389 20 856 7 
15 945 18 947 8 593 17 294 7 544 7 44 2 6 6 207 9 314 6 770 7 410 6 457 4 581 4 951 6 12 15 
11 946 8 948 7 331 3 870 8 367 10 735 16 406 1 78 9 396 2 981 19 666 5 
7 947 7 949 10 931 17 629 4 505 13 133 6 924 1 
9 948 10 950 12 105 19 903 9 361 19 47 20 568 18 965 8 282 3 
9 949 12 951 12 614 11 236 20 678 9 178 4 541 1 330 5 41 10 
12 950 12 952 10 954 15 916 12 917 16 88 14 629 12 579 15 530 13 946 6 314 5 555 10 
15 951 10 953 11 763 7 904 18 758 1 718 15 79 14 604 13 820 11 311 16 517 2 712 6 783 10 711 2 608 17 
13 952 11 954 9 808 12 730 16 557 16 440 12 836 5 170 1 861 4 306 8 225 15 63 3 509 5 
11 953 9 955 20 951 15 148 19 540 17 832 12 227 15 358 1 741 15 129 20 335 2 
9 954 20 956 19 128 19 911 8 593 20 50 18 162 20 499 10 40 8 
11 955 19 957 9 448 13 55 11 263 4 560 5 728 6 118 10 547 8 190 16 433 1 
8 956 9 958 11 757 15 986 19 25 16 300 8 68 14 196 8 
12 957 11 959 14 35 19 44 19 720 20 32 8 996 14 402 7 483 7 324 9 514 1 129 20 
8 958 14 960 18 403 6 330 20 349 6 37 6 674 2 6 13 
10 959 18 961 11 906 19 286 5 406 13 550 12 636 7 318 18 422 4 330 15 
12 960 11 962 17 978 8 875 3 393 12 359 4 9 6 849 4 571 16 974 14 236 7 771 9 
10 961 17 963 20 736 3 927 7 305 12 581 1 326 8 867 13 989 17 450 19 
11 962 20 964 13 446 13 403 3 270 16 726 13 40 15 259 10 218 4 878 17 510 5 
11 963 13 965 12 95 19 432 3 917 14 556 19 881 13 387 13 291 14 799 16 452 6 
11 964 12 966 8 104 20 515 7 548 15 282 16 915 10 228 15 798 7 355 5 949 8 
8 965 8 967 18 336 15 563 12 459 5 559 16 404 3 683 17 
9 966 18 968 20 882 10 981 17 745 18 597 18 928 2 277 5 359 4 
16 967 20 969 18 362 8 663 11 856 9 937 7 339 17 319 12 755 4 928 6 509 14 381 16 167 20 305 6 609 19 553 4 
11 968 18 970 7 499 6 12 5 739 13 722 15 125 7 197 20 342 5 619 4 860 3 
9 969 7 971 13 831 14 169 3 618 16 218 5 796 18 299 18 868 11 
13 970 13 972 18 634 17 727 19 810 3 694 10 132 12 266 6 986 17 670 6 679 20 767 9 479 12 
6 971 18 973 2 209 12 624 19 727 12 171 6 
7 972 2 974 16 288 11 983 11 251 17 635 6 823 11 
11 973 16 975 9 94 5 834 10 410 4 449 17 315 20 642 13 961 14 757 12 305 6 
10 974 9 976 19 559 2 487 7 366 18 807 4 846 12 627 1 673 18 368 10 
9 975 19 977 5 338 2 258 18 505 11 658 15 517 17 615 17 432 12 
9 976 5 978 16 430 12 692 15 209 10 61 1 108 7 726 4 521 20 
15 977 16 979 17 961 8 497 12 207 5 837 19 460 5 127 12 879 11 465 18 472 7 383 5 452 3 441 10 425 17 
10 978 17 980 6 136 4 343 15 665 6 588 4 203 9 446 1 366 20 109 14 
15 979 6 981 7 828 3 639 3 124 15 257 5 391 5 76 20 744 4 944 10 874 12 652 6 230 2 438 11 678 13 
16 980 7 982 9 276 1 543 5 601 12 871 10 967 17 218 5 85 8 354 7 39 6 881 5 874 20 390 18 947 19 846 18 
12 981 9 983 15 541 13 526 4 792 19 787 4 313 11 87 12 686 20 620 1 238 14 704 16 
10 982 15 984 9 386 9 973 11 562 11 814 3 508 20 198 17 205 20 475 9 
5 983 9 985 9 522 3 442 5 81 3 
11 984 9 986 14 429 13 856 4 781 16 664 18 397 4 926 3 595 8 313 11 374 5 
13 985 14 987 19 586 4 935 5 838 18 263 15 957 19 327 5 818 18 971 17 681 15 584 17 466 18 
12 986 19 988 18 722 5 90 2 515 15 598 18 319 5 300 1 638 19 84 13 927 1 180 5 
12 987 18 989 16 416 4 96 7 516 6 694 8 193 1 869 9 832 11 445 15 401 8 670 12 
5 988 16 990 13 793 20 681 9 962 17 
11 989 13 991 15 497 15 27 9 883 11 357 12 919 5 445 3 390 17 426 16 103 14 
7 990 15 992 6 505 13 397 5 848 6 458 16 204 19 
8 991 6 993 1 897 1 344 14 135 17 889 10 208 4 316 11 
9 992 1 994 6 826 9 942 3 537 13 728 9 653 7 689 12 366 4 
7 993 6 995 18 644 15 354 13 304 11 614 6 878 1 
11 994 18 996 4 374 3 864 20 622 2 693 14 849 2 288 16 120 10 906 17 417 19 
13 995 4 997 13 708 12 351 4 390 20 158 1 559 7 241 13 958 14 224 3 264 19 485 15 400 16 
7 996 13 998 8 173 17 175 11 348 19 894 7 328 19 
4 997 8 643 11 437 10 251 12 